primerId	amps_nb	mean_amp_length	count_I	count_II	count_III	count_IV	non_target_count	distinct_clusters	%_amp_I	%_amp_II	%_amp_III	%_amp_IV	%genomes_amp
100376_1	3.0	392.0	2.0	0.0	0.0	1.0	0	2	9.52	0.0	0.0	12.5	7.32
103120_2	2.0	579.0	2.0	0.0	0.0	0.0	0	1	9.52	0.0	0.0	0.0	4.88
103120_4	9.0	576.0	9.0	0.0	0.0	0.0	0	1	42.86	0.0	0.0	0.0	21.95
103403_1	17.0	280.0	17.0	0.0	0.0	0.0	0	1	80.95	0.0	0.0	0.0	41.46
103403_2	8.0	285.0	8.0	0.0	0.0	0.0	0	1	38.1	0.0	0.0	0.0	19.51
105859_9	1.0	640.0	1.0	0.0	0.0	0.0	0	1	4.76	0.0	0.0	0.0	2.44
106994_2	6.0	343.0	4.0	0.0	0.0	2.0	0	2	19.05	0.0	0.0	25.0	14.63
106994_3	6.0	349.0	3.0	0.0	0.0	3.0	0	2	14.29	0.0	0.0	37.5	14.63
108341_1	1.0	319.0	1.0	0.0	0.0	0.0	0	1	4.76	0.0	0.0	0.0	2.44
109_11	19.0	409.0	19.0	0.0	0.0	0.0	0	1	90.48	0.0	0.0	0.0	46.34
109_15	1.0	319.0	0.0	0.0	0.0	1.0	0	1	0.0	0.0	0.0	12.5	2.44
109_17	16.0	510.0	7.0	0.0	9.0	0.0	0	2	33.33	0.0	100.0	0.0	39.02
109_4	16.0	501.0	7.0	0.0	9.0	0.0	0	2	33.33	0.0	100.0	0.0	39.02
109_5	30.0	521.0	17.0	0.0	5.0	8.0	1	3	80.95	0.0	55.56	100.0	73.17
10_1	13.0	642.0	5.0	2.0	1.0	5.0	0	4	23.81	100.0	11.11	62.5	31.71
10_11	19.0	631.0	14.0	0.0	0.0	5.0	0	2	66.67	0.0	0.0	62.5	46.34
10_12	15.0	469.0	15.0	0.0	0.0	0.0	0	1	71.43	0.0	0.0	0.0	36.59
10_15	13.0	412.0	8.0	0.0	0.0	5.0	0	2	38.1	0.0	0.0	62.5	31.71
10_16	8.0	492.0	7.0	0.0	1.0	0.0	0	2	33.33	0.0	11.11	0.0	19.51
10_17	5.0	475.0	0.0	0.0	5.0	0.0	0	1	0.0	0.0	55.56	0.0	12.2
10_4	7.0	475.0	7.0	0.0	0.0	0.0	0	1	33.33	0.0	0.0	0.0	17.07
10_5	7.0	483.0	7.0	0.0	0.0	0.0	0	1	33.33	0.0	0.0	0.0	17.07
10_6	2.0	628.0	2.0	0.0	0.0	0.0	0	1	9.52	0.0	0.0	0.0	4.88
10_7	18.0	478.0	18.0	0.0	0.0	0.0	0	1	85.71	0.0	0.0	0.0	43.9
10_8	21.0	652.0	21.0	0.0	0.0	0.0	0	1	100.0	0.0	0.0	0.0	51.22
10_9	23.0	315.0	14.0	2.0	2.0	5.0	0	4	66.67	100.0	22.22	62.5	56.1
113680_1	9.0	446.0	8.0	0.0	1.0	0.0	0	2	38.1	0.0	11.11	0.0	21.95
113_1	22.0	327.40909090909093	8.0	0.0	9.0	5.0	0	3	38.1	0.0	100.0	62.5	53.66
113_3	5.0	309.0	0.0	0.0	5.0	0.0	0	1	0.0	0.0	55.56	0.0	12.2
113_4	13.0	323.84615384615387	8.0	0.0	5.0	0.0	0	2	38.1	0.0	55.56	0.0	31.71
113_5	14.0	326.92857142857144	0.0	0.0	9.0	5.0	0	2	0.0	0.0	100.0	62.5	34.15
113_6	17.0	331.4117647058824	8.0	0.0	9.0	0.0	0	2	38.1	0.0	100.0	0.0	41.46
11_12	23.0	571.0	15.0	2.0	6.0	0.0	0	3	71.43	100.0	66.67	0.0	56.1
11_15	17.0	468.0	15.0	0.0	1.0	1.0	0	3	71.43	0.0	11.11	12.5	41.46
11_17	21.0	366.0	14.0	0.0	5.0	2.0	0	3	66.67	0.0	55.56	25.0	51.22
11_18	25.0	411.0	21.0	2.0	1.0	1.0	0	4	100.0	100.0	11.11	12.5	60.98
11_2	18.0	528.0	14.0	0.0	0.0	4.0	0	2	66.67	0.0	0.0	50.0	43.9
11_4	16.0	635.0	12.0	0.0	2.0	2.0	0	3	57.14	0.0	22.22	25.0	39.02
125_1	3.0	490.0	3.0	0.0	0.0	0.0	0	1	14.29	0.0	0.0	0.0	7.32
125_2	2.0	177.0	2.0	0.0	0.0	0.0	0	1	9.52	0.0	0.0	0.0	4.88
125_3	3.0	495.0	3.0	0.0	0.0	0.0	0	1	14.29	0.0	0.0	0.0	7.32
134285_1	10.0	492.0	1.0	0.0	2.0	7.0	0	3	4.76	0.0	22.22	87.5	24.39
134285_10	30.0	337.8666666666667	19.0	2.0	6.0	3.0	0	4	90.48	100.0	66.67	37.5	73.17
134285_2	8.0	301.0	6.0	0.0	2.0	0.0	0	2	28.57	0.0	22.22	0.0	19.51
134285_4	4.0	306.0	4.0	0.0	0.0	0.0	0	1	19.05	0.0	0.0	0.0	9.76
134285_5	6.0	353.0	5.0	0.0	0.0	1.0	0	2	23.81	0.0	0.0	12.5	14.63
134285_8	20.0	540.7	10.0	0.0	8.0	2.0	0	3	47.62	0.0	88.89	25.0	48.78
1376_6	17.0	418.0	6.0	0.0	5.0	6.0	0	3	28.57	0.0	55.56	75.0	41.46
139_14	11.0	349.0	4.0	0.0	0.0	7.0	0	2	19.05	0.0	0.0	87.5	26.83
139_19	12.0	576.0	7.0	0.0	5.0	0.0	0	2	33.33	0.0	55.56	0.0	29.27
139_3	16.0	397.0	14.0	2.0	0.0	0.0	0	2	66.67	100.0	0.0	0.0	39.02
139_9	4.0	630.0	3.0	1.0	0.0	0.0	0	2	14.29	50.0	0.0	0.0	9.76
141154_11	3.0	323.0	1.0	0.0	0.0	2.0	0	2	4.76	0.0	0.0	25.0	7.32
142805_11	10.0	350.0	6.0	2.0	2.0	0.0	0	3	28.57	100.0	22.22	0.0	24.39
142805_12	12.0	440.0	6.0	2.0	4.0	0.0	0	3	28.57	100.0	44.44	0.0	29.27
142805_13	10.0	416.0	1.0	0.0	6.0	3.0	0	3	4.76	0.0	66.67	37.5	24.39
142805_16	8.0	454.0	8.0	0.0	0.0	0.0	0	1	38.1	0.0	0.0	0.0	19.51
142805_18	16.0	303.0	9.0	1.0	6.0	0.0	0	3	42.86	50.0	66.67	0.0	39.02
142805_19	14.0	457.0	14.0	0.0	0.0	0.0	0	1	66.67	0.0	0.0	0.0	34.15
142805_5	8.0	418.0	6.0	0.0	2.0	0.0	0	2	28.57	0.0	22.22	0.0	19.51
142805_7	21.0	662.0	8.0	0.0	8.0	5.0	0	3	38.1	0.0	88.89	62.5	51.22
142805_9	27.0	671.0	14.0	0.0	8.0	5.0	0	3	66.67	0.0	88.89	62.5	65.85
14379_2	19.0	475.0	19.0	0.0	0.0	0.0	0	1	90.48	0.0	0.0	0.0	46.34
14379_3	19.0	478.0	19.0	0.0	0.0	0.0	0	1	90.48	0.0	0.0	0.0	46.34
14379_4	11.0	476.0	11.0	0.0	0.0	0.0	0	1	52.38	0.0	0.0	0.0	26.83
14379_6	7.0	475.0	7.0	0.0	0.0	0.0	0	1	33.33	0.0	0.0	0.0	17.07
14379_7	32.0	335.0	21.0	0.0	4.0	7.0	0	3	100.0	0.0	44.44	87.5	78.05
14510_1	8.0	559.0	6.0	0.0	2.0	0.0	0	2	28.57	0.0	22.22	0.0	19.51
14510_2	11.0	386.0	6.0	0.0	5.0	0.0	0	2	28.57	0.0	55.56	0.0	26.83
14510_3	15.0	389.0	10.0	0.0	5.0	0.0	0	2	47.62	0.0	55.56	0.0	36.59
14553_10	11.0	508.54545454545456	8.0	2.0	0.0	1.0	0	3	38.1	100.0	0.0	12.5	26.83
14855_10	8.0	389.0	6.0	0.0	2.0	0.0	0	2	28.57	0.0	22.22	0.0	19.51
14855_11	7.0	467.0	7.0	0.0	0.0	0.0	0	1	33.33	0.0	0.0	0.0	17.07
14855_12	7.0	462.0	7.0	0.0	0.0	0.0	0	1	33.33	0.0	0.0	0.0	17.07
14855_13	12.0	544.0	5.0	0.0	7.0	0.0	0	2	23.81	0.0	77.78	0.0	29.27
14855_2	13.0	605.0	13.0	0.0	0.0	0.0	0	1	61.9	0.0	0.0	0.0	31.71
14855_4	23.0	385.0	14.0	0.0	9.0	0.0	0	2	66.67	0.0	100.0	0.0	56.1
14855_6	14.0	466.0	14.0	0.0	0.0	0.0	0	1	66.67	0.0	0.0	0.0	34.15
14855_7	14.0	463.0	14.0	0.0	0.0	0.0	0	1	66.67	0.0	0.0	0.0	34.15
14855_9	9.0	472.0	7.0	2.0	0.0	0.0	0	2	33.33	100.0	0.0	0.0	21.95
14897_2	9.0	309.0	7.0	0.0	0.0	2.0	0	2	33.33	0.0	0.0	25.0	21.95
14897_3	4.0	314.0	0.0	0.0	0.0	4.0	0	1	0.0	0.0	0.0	50.0	9.76
14897_5	2.0	311.0	0.0	0.0	0.0	2.0	0	1	0.0	0.0	0.0	25.0	4.88
14897_6	4.0	313.0	0.0	0.0	0.0	4.0	0	1	0.0	0.0	0.0	50.0	9.76
152865_1	10.0	688.0	10.0	0.0	0.0	0.0	0	1	47.62	0.0	0.0	0.0	24.39
152865_10	16.0	428.0	16.0	0.0	0.0	0.0	0	1	76.19	0.0	0.0	0.0	39.02
152865_12	14.0	467.0	14.0	0.0	0.0	0.0	0	1	66.67	0.0	0.0	0.0	34.15
152865_17	2.0	480.0	2.0	0.0	0.0	0.0	0	1	9.52	0.0	0.0	0.0	4.88
152865_19	3.0	522.0	3.0	0.0	0.0	0.0	0	1	14.29	0.0	0.0	0.0	7.32
152865_20	16.0	429.0	16.0	0.0	0.0	0.0	0	1	76.19	0.0	0.0	0.0	39.02
152865_3	16.0	686.0	15.0	0.0	1.0	0.0	0	2	71.43	0.0	11.11	0.0	39.02
152865_4	17.0	672.0	12.0	0.0	5.0	0.0	0	2	57.14	0.0	55.56	0.0	41.46
152865_5	16.0	432.0	16.0	0.0	0.0	0.0	0	1	76.19	0.0	0.0	0.0	39.02
152865_7	14.0	468.0	14.0	0.0	0.0	0.0	0	1	66.67	0.0	0.0	0.0	34.15
15344_1	11.0	439.0	2.0	0.0	4.0	5.0	0	3	9.52	0.0	44.44	62.5	26.83
15344_12	16.0	597.0	8.0	0.0	3.0	5.0	0	3	38.1	0.0	33.33	62.5	39.02
15344_2	15.0	383.0	7.0	0.0	0.0	8.0	0	2	33.33	0.0	0.0	100.0	36.59
15344_7	29.0	694.0	11.0	2.0	8.0	8.0	0	4	52.38	100.0	88.89	100.0	70.73
15344_8	19.0	551.0	8.0	0.0	3.0	8.0	0	3	38.1	0.0	33.33	100.0	46.34
15344_9	14.0	446.0	12.0	0.0	2.0	0.0	0	2	57.14	0.0	22.22	0.0	34.15
154593_12	9.0	660.0	1.0	0.0	1.0	7.0	0	3	4.76	0.0	11.11	87.5	21.95
154593_4	10.0	380.0	9.0	0.0	1.0	0.0	0	2	42.86	0.0	11.11	0.0	24.39
154593_5	13.0	539.0	13.0	0.0	0.0	0.0	0	1	61.9	0.0	0.0	0.0	31.71
154593_6	10.0	374.0	9.0	0.0	1.0	0.0	0	2	42.86	0.0	11.11	0.0	24.39
154593_7	25.0	401.0	16.0	0.0	9.0	0.0	0	2	76.19	0.0	100.0	0.0	60.98
154593_8	29.0	400.0	20.0	0.0	9.0	0.0	0	2	95.24	0.0	100.0	0.0	70.73
154593_9	20.0	490.0	15.0	0.0	5.0	0.0	0	2	71.43	0.0	55.56	0.0	48.78
15735_2	21.0	320.0	9.0	0.0	7.0	5.0	0	3	42.86	0.0	77.78	62.5	51.22
15735_6	20.0	333.0	9.0	0.0	7.0	4.0	0	3	42.86	0.0	77.78	50.0	48.78
162149_13	21.0	534.0	12.0	0.0	9.0	0.0	0	2	57.14	0.0	100.0	0.0	51.22
162149_18	7.0	599.0	2.0	0.0	5.0	0.0	0	2	9.52	0.0	55.56	0.0	17.07
162149_3	9.0	549.0	9.0	0.0	0.0	0.0	0	1	42.86	0.0	0.0	0.0	21.95
162149_6	9.0	596.0	2.0	0.0	7.0	0.0	0	2	9.52	0.0	77.78	0.0	21.95
16301_1	2.0	326.0	1.0	0.0	0.0	1.0	0	2	4.76	0.0	0.0	12.5	4.88
16301_10	5.0	373.0	4.0	0.0	1.0	0.0	0	2	19.05	0.0	11.11	0.0	12.2
16301_12	5.0	378.0	4.0	0.0	1.0	0.0	0	2	19.05	0.0	11.11	0.0	12.2
16301_4	5.0	340.0	5.0	0.0	0.0	0.0	0	1	23.81	0.0	0.0	0.0	12.2
16301_6	4.0	326.0	4.0	0.0	0.0	0.0	0	1	19.05	0.0	0.0	0.0	9.76
16301_7	11.0	337.0	8.0	0.0	0.0	3.0	0	2	38.1	0.0	0.0	37.5	26.83
16301_8	3.0	335.0	3.0	0.0	0.0	0.0	0	1	14.29	0.0	0.0	0.0	7.32
167303_1	8.0	673.0	8.0	0.0	0.0	0.0	0	1	38.1	0.0	0.0	0.0	19.51
167303_10	18.0	668.0	18.0	0.0	0.0	0.0	0	1	85.71	0.0	0.0	0.0	43.9
167303_13	18.0	618.0	11.0	0.0	7.0	0.0	0	2	52.38	0.0	77.78	0.0	43.9
167303_5	14.0	607.0	14.0	0.0	0.0	0.0	0	1	66.67	0.0	0.0	0.0	34.15
167303_7	23.0	606.0	18.0	0.0	0.0	5.0	0	2	85.71	0.0	0.0	62.5	56.1
16819_11	5.0	567.0	4.0	0.0	0.0	1.0	0	2	19.05	0.0	0.0	12.5	12.2
16819_13	18.0	469.0	15.0	0.0	0.0	3.0	0	2	71.43	0.0	0.0	37.5	43.9
16819_5	17.0	605.0	17.0	0.0	0.0	0.0	0	1	80.95	0.0	0.0	0.0	41.46
16819_7	5.0	590.0	5.0	0.0	0.0	0.0	0	1	23.81	0.0	0.0	0.0	12.2
16819_8	4.0	564.0	4.0	0.0	0.0	0.0	0	1	19.05	0.0	0.0	0.0	9.76
16825_12	23.0	374.0	7.0	2.0	6.0	8.0	3	4	33.33	100.0	66.67	100.0	56.1
16825_13	17.0	380.0	1.0	2.0	6.0	8.0	0	4	4.76	100.0	66.67	100.0	41.46
16825_14	9.0	394.0	1.0	0.0	6.0	2.0	0	3	4.76	0.0	66.67	25.0	21.95
16825_15	13.0	384.0	1.0	0.0	6.0	6.0	0	3	4.76	0.0	66.67	75.0	31.71
16825_16	18.0	363.0	8.0	0.0	4.0	6.0	1	3	38.1	0.0	44.44	75.0	43.9
16825_3	9.0	385.0	7.0	0.0	2.0	0.0	0	2	33.33	0.0	22.22	0.0	21.95
16825_4	9.0	385.0	7.0	0.0	2.0	0.0	0	2	33.33	0.0	22.22	0.0	21.95
16825_6	23.0	372.0	7.0	2.0	6.0	8.0	0	4	33.33	100.0	66.67	100.0	56.1
16825_7	4.0	392.0	0.0	0.0	2.0	2.0	0	2	0.0	0.0	22.22	25.0	9.76
16825_9	28.0	358.0	11.0	0.0	9.0	8.0	1	3	52.38	0.0	100.0	100.0	68.29
16940_3	12.0	305.0	2.0	0.0	7.0	3.0	0	3	9.52	0.0	77.78	37.5	29.27
16940_6	7.0	326.0	1.0	0.0	5.0	1.0	0	3	4.76	0.0	55.56	12.5	17.07
16940_7	14.0	310.0	3.0	0.0	7.0	4.0	0	3	14.29	0.0	77.78	50.0	34.15
16986_15	6.0	521.0	6.0	0.0	0.0	0.0	0	1	28.57	0.0	0.0	0.0	14.63
16986_19	14.0	467.0	2.0	0.0	9.0	3.0	0	3	9.52	0.0	100.0	37.5	34.15
16986_3	22.0	454.0	6.0	0.0	8.0	8.0	0	3	28.57	0.0	88.89	100.0	53.66
16986_8	6.0	511.0	6.0	0.0	0.0	0.0	0	1	28.57	0.0	0.0	0.0	14.63
17952_2	10.0	356.1	8.0	0.0	2.0	0.0	0	2	38.1	0.0	22.22	0.0	24.39
18019_12	9.0	458.0	9.0	0.0	0.0	0.0	0	1	42.86	0.0	0.0	0.0	21.95
18019_4	11.0	614.0	11.0	0.0	0.0	0.0	0	1	52.38	0.0	0.0	0.0	26.83
18019_5	8.0	610.0	8.0	0.0	0.0	0.0	0	1	38.1	0.0	0.0	0.0	19.51
18019_6	4.0	612.0	4.0	0.0	0.0	0.0	0	1	19.05	0.0	0.0	0.0	9.76
18019_8	8.0	406.0	8.0	0.0	0.0	0.0	0	1	38.1	0.0	0.0	0.0	19.51
18538_5	13.0	503.0	8.0	0.0	0.0	5.0	0	2	38.1	0.0	0.0	62.5	31.71
186019_1	4.0	380.0	4.0	0.0	0.0	0.0	0	1	19.05	0.0	0.0	0.0	9.76
186019_12	6.0	349.0	2.0	0.0	4.0	0.0	0	2	9.52	0.0	44.44	0.0	14.63
186019_3	2.0	444.0	2.0	0.0	0.0	0.0	0	1	9.52	0.0	0.0	0.0	4.88
186019_7	8.0	385.0	6.0	2.0	0.0	0.0	0	2	28.57	100.0	0.0	0.0	19.51
18686_2	18.0	358.5	15.0	0.0	2.0	1.0	0	3	71.43	0.0	22.22	12.5	43.9
19612_14	16.0	488.0	11.0	0.0	0.0	5.0	0	2	52.38	0.0	0.0	62.5	39.02
19612_17	3.0	585.0	2.0	0.0	0.0	1.0	0	2	9.52	0.0	0.0	12.5	7.32
19612_9	12.0	497.0	7.0	0.0	0.0	5.0	0	2	33.33	0.0	0.0	62.5	29.27
19_11	27.0	661.0	18.0	0.0	9.0	0.0	0	2	85.71	0.0	100.0	0.0	65.85
19_12	10.0	406.0	5.0	0.0	0.0	5.0	0	2	23.81	0.0	0.0	62.5	24.39
19_14	14.0	409.0	9.0	0.0	5.0	0.0	0	2	42.86	0.0	55.56	0.0	34.15
19_15	20.0	336.95	16.0	0.0	4.0	0.0	0	2	76.19	0.0	44.44	0.0	48.78
19_16	5.0	549.4	5.0	0.0	0.0	0.0	0	1	23.81	0.0	0.0	0.0	12.2
19_17	6.0	510.0	0.0	0.0	0.0	6.0	0	1	0.0	0.0	0.0	75.0	14.63
19_18	15.0	538.0	15.0	0.0	0.0	0.0	0	1	71.43	0.0	0.0	0.0	36.59
19_6	8.0	334.0	8.0	0.0	0.0	0.0	0	1	38.1	0.0	0.0	0.0	19.51
19_8	18.0	346.6666666666667	18.0	0.0	0.0	0.0	0	1	85.71	0.0	0.0	0.0	43.9
20371_1	21.0	437.0	16.0	0.0	0.0	5.0	0	2	76.19	0.0	0.0	62.5	51.22
20371_16	14.0	633.0	6.0	0.0	0.0	8.0	0	2	28.57	0.0	0.0	100.0	34.15
20371_18	17.0	468.6470588235294	14.0	0.0	0.0	3.0	0	2	66.67	0.0	0.0	37.5	41.46
20371_4	32.0	583.90625	19.0	1.0	6.0	6.0	0	4	90.48	50.0	66.67	75.0	78.05
20371_7	32.0	553.0	21.0	2.0	6.0	3.0	0	4	100.0	100.0	66.67	37.5	78.05
20407_3	1.0	327.0	1.0	0.0	0.0	0.0	0	1	4.76	0.0	0.0	0.0	2.44
20407_6	2.0	336.0	1.0	0.0	0.0	1.0	0	2	4.76	0.0	0.0	12.5	4.88
20796_13	5.0	590.6	5.0	0.0	0.0	0.0	0	1	23.81	0.0	0.0	0.0	12.2
20796_5	5.0	574.6	5.0	0.0	0.0	0.0	0	1	23.81	0.0	0.0	0.0	12.2
20827_1	6.0	421.0	6.0	0.0	0.0	0.0	0	1	28.57	0.0	0.0	0.0	14.63
20827_10	11.0	387.0	5.0	0.0	1.0	5.0	0	3	23.81	0.0	11.11	62.5	26.83
20827_12	8.0	413.0	8.0	0.0	0.0	0.0	0	1	38.1	0.0	0.0	0.0	19.51
20827_16	19.0	308.0	19.0	0.0	0.0	0.0	0	1	90.48	0.0	0.0	0.0	46.34
20827_18	6.0	423.0	6.0	0.0	0.0	0.0	0	1	28.57	0.0	0.0	0.0	14.63
20827_2	14.0	400.0	9.0	0.0	0.0	5.0	0	2	42.86	0.0	0.0	62.5	34.15
20827_3	12.0	407.0	9.0	0.0	0.0	3.0	0	2	42.86	0.0	0.0	37.5	29.27
20827_4	6.0	435.0	6.0	0.0	0.0	0.0	0	1	28.57	0.0	0.0	0.0	14.63
20827_6	7.0	442.0	7.0	0.0	0.0	0.0	0	1	33.33	0.0	0.0	0.0	17.07
20827_7	6.0	430.0	6.0	0.0	0.0	0.0	0	1	28.57	0.0	0.0	0.0	14.63
20827_9	9.0	417.0	9.0	0.0	0.0	0.0	0	1	42.86	0.0	0.0	0.0	21.95
20906_2	13.0	311.0	5.0	0.0	7.0	1.0	0	3	23.81	0.0	77.78	12.5	31.71
20906_3	14.0	302.0	4.0	0.0	7.0	3.0	0	3	19.05	0.0	77.78	37.5	34.15
20_10	28.0	533.0	14.0	2.0	8.0	4.0	0	4	66.67	100.0	88.89	50.0	68.29
20_13	24.0	514.0	10.0	2.0	9.0	3.0	0	4	47.62	100.0	100.0	37.5	58.54
20_14	18.0	512.0	4.0	2.0	9.0	3.0	0	4	19.05	100.0	100.0	37.5	43.9
20_15	30.0	460.0	18.0	0.0	4.0	8.0	0	3	85.71	0.0	44.44	100.0	73.17
20_19	14.0	476.0	10.0	0.0	2.0	2.0	1	3	47.62	0.0	22.22	25.0	34.15
20_2	9.0	405.0	9.0	0.0	0.0	0.0	0	1	42.86	0.0	0.0	0.0	21.95
20_4	9.0	351.0	8.0	0.0	0.0	1.0	0	2	38.1	0.0	0.0	12.5	21.95
20_6	9.0	368.0	9.0	0.0	0.0	0.0	0	1	42.86	0.0	0.0	0.0	21.95
20_8	9.0	347.0	8.0	0.0	0.0	1.0	0	2	38.1	0.0	0.0	12.5	21.95
20_9	9.0	371.0	9.0	0.0	0.0	0.0	0	1	42.86	0.0	0.0	0.0	21.95
21141_3	4.0	301.0	4.0	0.0	0.0	0.0	0	1	19.05	0.0	0.0	0.0	9.76
21216_1	11.0	381.0	2.0	0.0	5.0	4.0	0	3	9.52	0.0	55.56	50.0	26.83
21216_3	6.0	417.0	6.0	0.0	0.0	0.0	0	1	28.57	0.0	0.0	0.0	14.63
21216_4	1.0	319.0	1.0	0.0	0.0	0.0	0	1	4.76	0.0	0.0	0.0	2.44
21216_6	6.0	414.0	6.0	0.0	0.0	0.0	0	1	28.57	0.0	0.0	0.0	14.63
21391_1	2.0	312.0	2.0	0.0	0.0	0.0	0	1	9.52	0.0	0.0	0.0	4.88
21494_2	5.0	349.0	3.0	0.0	2.0	0.0	0	2	14.29	0.0	22.22	0.0	12.2
21494_5	6.0	614.0	2.0	0.0	4.0	0.0	0	2	9.52	0.0	44.44	0.0	14.63
21494_6	5.0	353.0	3.0	0.0	2.0	0.0	0	2	14.29	0.0	22.22	0.0	12.2
21494_7	7.0	640.0	0.0	0.0	7.0	0.0	0	1	0.0	0.0	77.78	0.0	17.07
21589_1	6.0	402.0	6.0	0.0	0.0	0.0	0	1	28.57	0.0	0.0	0.0	14.63
21589_11	6.0	421.0	6.0	0.0	0.0	0.0	0	1	28.57	0.0	0.0	0.0	14.63
21589_12	6.0	424.0	6.0	0.0	0.0	0.0	0	1	28.57	0.0	0.0	0.0	14.63
21589_13	17.0	322.0	8.0	0.0	1.0	8.0	0	3	38.1	0.0	11.11	100.0	41.46
21764_1	8.0	319.0	6.0	0.0	2.0	0.0	0	2	28.57	0.0	22.22	0.0	19.51
218662_1	12.0	512.0	7.0	0.0	5.0	0.0	0	2	33.33	0.0	55.56	0.0	29.27
218662_2	12.0	512.0	7.0	0.0	5.0	0.0	0	2	33.33	0.0	55.56	0.0	29.27
22190_1	2.0	483.0	2.0	0.0	0.0	0.0	0	1	9.52	0.0	0.0	0.0	4.88
22190_6	7.0	443.0	7.0	0.0	0.0	0.0	0	1	33.33	0.0	0.0	0.0	17.07
22190_7	9.0	649.0	8.0	0.0	1.0	0.0	0	2	38.1	0.0	11.11	0.0	21.95
222156_1	2.0	391.0	2.0	0.0	0.0	0.0	0	1	9.52	0.0	0.0	0.0	4.88
222156_10	2.0	444.0	2.0	0.0	0.0	0.0	0	1	9.52	0.0	0.0	0.0	4.88
222156_13	2.0	423.0	2.0	0.0	0.0	0.0	0	1	9.52	0.0	0.0	0.0	4.88
222156_14	1.0	398.0	1.0	0.0	0.0	0.0	0	1	4.76	0.0	0.0	0.0	2.44
222156_15	2.0	379.0	2.0	0.0	0.0	0.0	0	1	9.52	0.0	0.0	0.0	4.88
222156_16	1.0	395.0	1.0	0.0	0.0	0.0	0	1	4.76	0.0	0.0	0.0	2.44
222156_3	1.0	484.0	1.0	0.0	0.0	0.0	0	1	4.76	0.0	0.0	0.0	2.44
222156_4	1.0	391.0	1.0	0.0	0.0	0.0	0	1	4.76	0.0	0.0	0.0	2.44
222156_5	2.0	648.0	2.0	0.0	0.0	0.0	0	1	9.52	0.0	0.0	0.0	4.88
222156_8	11.0	306.0	11.0	0.0	0.0	0.0	0	1	52.38	0.0	0.0	0.0	26.83
23018_11	21.0	310.0	12.0	2.0	0.0	7.0	0	3	57.14	100.0	0.0	87.5	51.22
23018_18	18.0	620.0	8.0	0.0	7.0	3.0	0	3	38.1	0.0	77.78	37.5	43.9
23018_4	15.0	326.0	7.0	0.0	0.0	8.0	0	2	33.33	0.0	0.0	100.0	36.59
234100_1	11.0	429.0	7.0	0.0	4.0	0.0	0	2	33.33	0.0	44.44	0.0	26.83
234100_3	11.0	433.0	7.0	0.0	4.0	0.0	0	2	33.33	0.0	44.44	0.0	26.83
236_1	2.0	572.0	0.0	0.0	0.0	2.0	0	1	0.0	0.0	0.0	25.0	4.88
236_11	7.0	492.0	3.0	0.0	0.0	4.0	0	2	14.29	0.0	0.0	50.0	17.07
236_3	8.0	492.0	3.0	0.0	0.0	5.0	0	2	14.29	0.0	0.0	62.5	19.51
236_4	2.0	444.0	2.0	0.0	0.0	0.0	0	1	9.52	0.0	0.0	0.0	4.88
236_6	2.0	453.0	2.0	0.0	0.0	0.0	0	1	9.52	0.0	0.0	0.0	4.88
236_8	9.0	340.0	7.0	2.0	0.0	0.0	0	2	33.33	100.0	0.0	0.0	21.95
236_9	9.0	342.0	7.0	2.0	0.0	0.0	0	2	33.33	100.0	0.0	0.0	21.95
238649_11	12.0	519.0	6.0	0.0	6.0	0.0	0	2	28.57	0.0	66.67	0.0	29.27
238649_12	8.0	331.0	1.0	0.0	5.0	2.0	0	3	4.76	0.0	55.56	25.0	19.51
238649_13	12.0	335.0	5.0	0.0	5.0	2.0	0	3	23.81	0.0	55.56	25.0	29.27
238649_14	12.0	516.0	6.0	0.0	6.0	0.0	0	2	28.57	0.0	66.67	0.0	29.27
238649_16	12.0	518.0	6.0	0.0	6.0	0.0	0	2	28.57	0.0	66.67	0.0	29.27
238649_17	7.0	518.0	1.0	0.0	6.0	0.0	0	2	4.76	0.0	66.67	0.0	17.07
238649_19	5.0	471.0	3.0	0.0	0.0	2.0	0	2	14.29	0.0	0.0	25.0	12.2
238649_2	15.0	322.0	9.0	2.0	4.0	0.0	0	3	42.86	100.0	44.44	0.0	36.59
238649_4	13.0	593.0	9.0	2.0	2.0	0.0	0	3	42.86	100.0	22.22	0.0	31.71
238649_5	5.0	468.0	3.0	0.0	0.0	2.0	0	2	14.29	0.0	0.0	25.0	12.2
238649_7	1.0	481.0	1.0	0.0	0.0	0.0	0	1	4.76	0.0	0.0	0.0	2.44
238649_9	6.0	489.0	6.0	0.0	0.0	0.0	0	1	28.57	0.0	0.0	0.0	14.63
24289_1	2.0	355.0	2.0	0.0	0.0	0.0	0	1	9.52	0.0	0.0	0.0	4.88
24289_12	18.0	306.0	16.0	0.0	0.0	2.0	1	2	76.19	0.0	0.0	25.0	43.9
24289_13	21.0	448.0	17.0	0.0	0.0	4.0	0	2	80.95	0.0	0.0	50.0	51.22
24289_15	13.0	491.0	9.0	0.0	2.0	2.0	0	3	42.86	0.0	22.22	25.0	31.71
24289_20	29.0	337.0	20.0	0.0	9.0	0.0	0	2	95.24	0.0	100.0	0.0	70.73
24289_4	8.0	637.0	8.0	0.0	0.0	0.0	0	1	38.1	0.0	0.0	0.0	19.51
24289_5	6.0	393.0	6.0	0.0	0.0	0.0	0	1	28.57	0.0	0.0	0.0	14.63
24289_6	8.0	444.0	8.0	0.0	0.0	0.0	0	1	38.1	0.0	0.0	0.0	19.51
24289_9	13.0	421.38461538461536	13.0	0.0	0.0	0.0	0	1	61.9	0.0	0.0	0.0	31.71
24490_1	9.0	379.0	7.0	2.0	0.0	0.0	0	2	33.33	100.0	0.0	0.0	21.95
24490_2	14.0	383.0	7.0	2.0	0.0	5.0	0	3	33.33	100.0	0.0	62.5	34.15
24490_3	10.0	370.0	7.0	2.0	1.0	0.0	0	3	33.33	100.0	11.11	0.0	24.39
24490_4	9.0	379.0	7.0	2.0	0.0	0.0	0	2	33.33	100.0	0.0	0.0	21.95
24726_2	7.0	308.0	7.0	0.0	0.0	0.0	0	1	33.33	0.0	0.0	0.0	17.07
24726_6	5.0	488.0	5.0	0.0	0.0	0.0	0	1	23.81	0.0	0.0	0.0	12.2
24726_8	17.0	535.0	9.0	0.0	6.0	2.0	0	3	42.86	0.0	66.67	25.0	41.46
247690_1	8.0	365.0	8.0	0.0	0.0	0.0	0	1	38.1	0.0	0.0	0.0	19.51
247690_12	5.0	340.0	5.0	0.0	0.0	0.0	0	1	23.81	0.0	0.0	0.0	12.2
247690_2	10.0	553.0	10.0	0.0	0.0	0.0	0	1	47.62	0.0	0.0	0.0	24.39
247690_3	9.0	590.0	3.0	2.0	2.0	2.0	0	4	14.29	100.0	22.22	25.0	21.95
247690_4	10.0	552.0	10.0	0.0	0.0	0.0	0	1	47.62	0.0	0.0	0.0	24.39
247690_5	2.0	552.0	2.0	0.0	0.0	0.0	0	1	9.52	0.0	0.0	0.0	4.88
247690_6	9.0	591.0	3.0	2.0	2.0	2.0	0	4	14.29	100.0	22.22	25.0	21.95
247690_7	8.0	412.0	4.0	0.0	2.0	2.0	0	3	19.05	0.0	22.22	25.0	19.51
250225_1	5.0	445.0	5.0	0.0	0.0	0.0	0	1	23.81	0.0	0.0	0.0	12.2
250225_10	5.0	341.0	0.0	0.0	0.0	5.0	0	1	0.0	0.0	0.0	62.5	12.2
250225_11	8.0	380.0	5.0	2.0	1.0	0.0	0	3	23.81	100.0	11.11	0.0	19.51
250225_12	18.0	444.1666666666667	10.0	0.0	0.0	8.0	0	2	47.62	0.0	0.0	100.0	43.9
250225_13	2.0	348.0	2.0	0.0	0.0	0.0	0	1	9.52	0.0	0.0	0.0	4.88
250225_14	19.0	327.05263157894734	13.0	0.0	0.0	6.0	0	2	61.9	0.0	0.0	75.0	46.34
250225_15	16.0	473.875	10.0	0.0	1.0	5.0	0	3	47.62	0.0	11.11	62.5	39.02
250225_3	5.0	445.0	5.0	0.0	0.0	0.0	0	1	23.81	0.0	0.0	0.0	12.2
250225_4	7.0	451.42857142857144	0.0	0.0	0.0	7.0	0	1	0.0	0.0	0.0	87.5	17.07
250225_5	16.0	435.1875	10.0	0.0	0.0	6.0	0	2	47.62	0.0	0.0	75.0	39.02
250225_6	11.0	300.0	11.0	0.0	0.0	0.0	0	1	52.38	0.0	0.0	0.0	26.83
250225_7	6.0	341.0	0.0	0.0	0.0	6.0	0	1	0.0	0.0	0.0	75.0	14.63
250225_9	5.0	343.0	0.0	0.0	0.0	5.0	0	1	0.0	0.0	0.0	62.5	12.2
252_1	1.0	431.0	1.0	0.0	0.0	0.0	0	1	4.76	0.0	0.0	0.0	2.44
252_2	1.0	433.0	1.0	0.0	0.0	0.0	0	1	4.76	0.0	0.0	0.0	2.44
25479_1	33.0	495.0	21.0	0.0	7.0	5.0	0	3	100.0	0.0	77.78	62.5	80.49
25479_10	33.0	501.0	21.0	0.0	7.0	5.0	0	3	100.0	0.0	77.78	62.5	80.49
25479_11	12.0	527.0	10.0	0.0	0.0	2.0	0	2	47.62	0.0	0.0	25.0	29.27
25479_12	20.0	488.0	13.0	2.0	5.0	0.0	0	3	61.9	100.0	55.56	0.0	48.78
25479_14	22.0	480.0	15.0	2.0	5.0	0.0	0	3	71.43	100.0	55.56	0.0	53.66
25479_15	18.0	514.0	18.0	0.0	0.0	0.0	0	1	85.71	0.0	0.0	0.0	43.9
25479_17	24.0	317.0	15.0	0.0	9.0	0.0	0	2	71.43	0.0	100.0	0.0	58.54
25479_18	30.0	458.0	16.0	0.0	7.0	7.0	0	3	76.19	0.0	77.78	87.5	73.17
25479_19	1.0	361.0	1.0	0.0	0.0	0.0	0	1	4.76	0.0	0.0	0.0	2.44
25479_3	1.0	344.0	1.0	0.0	0.0	0.0	0	1	4.76	0.0	0.0	0.0	2.44
25479_4	33.0	489.0	19.0	2.0	7.0	5.0	0	4	90.48	100.0	77.78	62.5	80.49
25479_6	20.0	481.0	13.0	2.0	5.0	0.0	0	3	61.9	100.0	55.56	0.0	48.78
25479_7	6.0	332.0	6.0	0.0	0.0	0.0	0	1	28.57	0.0	0.0	0.0	14.63
25479_9	24.0	502.0	12.0	0.0	7.0	5.0	0	3	57.14	0.0	77.78	62.5	58.54
25504_10	24.0	498.75	13.0	0.0	3.0	8.0	0	3	61.9	0.0	33.33	100.0	58.54
25504_11	5.0	305.0	3.0	0.0	0.0	2.0	0	2	14.29	0.0	0.0	25.0	12.2
25504_12	5.0	304.0	0.0	0.0	3.0	2.0	0	2	0.0	0.0	33.33	25.0	12.2
25504_16	14.0	431.7142857142857	8.0	0.0	4.0	2.0	0	3	38.1	0.0	44.44	25.0	34.15
25504_19	20.0	515.45	14.0	0.0	3.0	3.0	0	3	66.67	0.0	33.33	37.5	48.78
25504_2	13.0	489.84615384615387	11.0	0.0	0.0	2.0	0	2	52.38	0.0	0.0	25.0	31.71
25504_3	13.0	491.84615384615387	11.0	0.0	0.0	2.0	0	2	52.38	0.0	0.0	25.0	31.71
25504_5	13.0	491.84615384615387	11.0	0.0	0.0	2.0	0	2	52.38	0.0	0.0	25.0	31.71
25504_6	7.0	543.0	3.0	0.0	4.0	0.0	0	2	14.29	0.0	44.44	0.0	17.07
25504_8	6.0	691.0	4.0	2.0	0.0	0.0	0	2	19.05	100.0	0.0	0.0	14.63
25920_11	2.0	321.0	2.0	0.0	0.0	0.0	0	1	9.52	0.0	0.0	0.0	4.88
25920_12	1.0	486.0	1.0	0.0	0.0	0.0	0	1	4.76	0.0	0.0	0.0	2.44
25920_13	3.0	602.0	2.0	1.0	0.0	0.0	0	2	9.52	50.0	0.0	0.0	7.32
25920_3	1.0	482.0	1.0	0.0	0.0	0.0	0	1	4.76	0.0	0.0	0.0	2.44
25920_4	1.0	484.0	1.0	0.0	0.0	0.0	0	1	4.76	0.0	0.0	0.0	2.44
25920_5	2.0	601.0	2.0	0.0	0.0	0.0	0	1	9.52	0.0	0.0	0.0	4.88
25920_8	1.0	496.0	1.0	0.0	0.0	0.0	0	1	4.76	0.0	0.0	0.0	2.44
25920_9	4.0	355.75	4.0	0.0	0.0	0.0	0	1	19.05	0.0	0.0	0.0	9.76
263210_1	4.0	379.0	4.0	0.0	0.0	0.0	0	1	19.05	0.0	0.0	0.0	9.76
263210_2	5.0	526.0	5.0	0.0	0.0	0.0	0	1	23.81	0.0	0.0	0.0	12.2
263210_4	5.0	528.0	5.0	0.0	0.0	0.0	0	1	23.81	0.0	0.0	0.0	12.2
263210_5	4.0	387.0	4.0	0.0	0.0	0.0	0	1	19.05	0.0	0.0	0.0	9.76
263210_6	5.0	526.0	5.0	0.0	0.0	0.0	0	1	23.81	0.0	0.0	0.0	12.2
263210_7	1.0	385.0	1.0	0.0	0.0	0.0	0	1	4.76	0.0	0.0	0.0	2.44
263210_8	5.0	521.0	5.0	0.0	0.0	0.0	0	1	23.81	0.0	0.0	0.0	12.2
26679_10	13.0	525.0	8.0	0.0	5.0	0.0	0	2	38.1	0.0	55.56	0.0	31.71
26679_13	17.0	519.0	11.0	0.0	6.0	0.0	0	2	52.38	0.0	66.67	0.0	41.46
26679_14	3.0	396.0	0.0	0.0	2.0	1.0	0	2	0.0	0.0	22.22	12.5	7.32
26679_18	2.0	325.0	1.0	0.0	0.0	1.0	0	2	4.76	0.0	0.0	12.5	4.88
26679_19	10.0	487.0	5.0	0.0	5.0	0.0	0	2	23.81	0.0	55.56	0.0	24.39
26679_4	9.0	474.0	9.0	0.0	0.0	0.0	0	1	42.86	0.0	0.0	0.0	21.95
26679_5	6.0	359.0	6.0	0.0	0.0	0.0	0	1	28.57	0.0	0.0	0.0	14.63
26679_6	7.0	512.0	2.0	0.0	5.0	0.0	0	2	9.52	0.0	55.56	0.0	17.07
26679_9	8.0	327.0	8.0	0.0	0.0	0.0	0	1	38.1	0.0	0.0	0.0	19.51
26777_1	2.0	336.0	1.0	0.0	0.0	1.0	0	2	4.76	0.0	0.0	12.5	4.88
26777_2	2.0	334.0	1.0	0.0	0.0	1.0	0	2	4.76	0.0	0.0	12.5	4.88
271_1	9.0	604.3333333333334	9.0	0.0	0.0	0.0	0	1	42.86	0.0	0.0	0.0	21.95
27262_7	10.0	338.0	6.0	0.0	4.0	0.0	0	2	28.57	0.0	44.44	0.0	24.39
27380_10	10.0	307.0	10.0	0.0	0.0	0.0	0	1	47.62	0.0	0.0	0.0	24.39
27380_3	8.0	314.0	8.0	0.0	0.0	0.0	0	1	38.1	0.0	0.0	0.0	19.51
27380_6	9.0	314.0	9.0	0.0	0.0	0.0	0	1	42.86	0.0	0.0	0.0	21.95
27380_9	3.0	384.0	1.0	0.0	0.0	2.0	0	2	4.76	0.0	0.0	25.0	7.32
27446_6	4.0	353.0	4.0	0.0	0.0	0.0	0	1	19.05	0.0	0.0	0.0	9.76
27446_7	4.0	351.0	4.0	0.0	0.0	0.0	0	1	19.05	0.0	0.0	0.0	9.76
2802_11	17.0	611.0	8.0	0.0	2.0	7.0	0	3	38.1	0.0	22.22	87.5	41.46
2802_19	17.0	664.0	8.0	0.0	2.0	7.0	0	3	38.1	0.0	22.22	87.5	41.46
2802_2	16.0	653.0	7.0	0.0	2.0	7.0	0	3	33.33	0.0	22.22	87.5	39.02
2802_3	12.0	412.0	10.0	0.0	2.0	0.0	0	2	47.62	0.0	22.22	0.0	29.27
2802_5	12.0	413.0	10.0	0.0	2.0	0.0	0	2	47.62	0.0	22.22	0.0	29.27
2802_6	15.0	660.0	6.0	0.0	2.0	7.0	0	3	28.57	0.0	22.22	87.5	36.59
2802_8	19.0	689.0	17.0	0.0	2.0	0.0	0	2	80.95	0.0	22.22	0.0	46.34
281164_3	14.0	363.0	8.0	0.0	2.0	4.0	0	3	38.1	0.0	22.22	50.0	34.15
28729_2	17.0	328.0	11.0	0.0	4.0	2.0	0	3	52.38	0.0	44.44	25.0	41.46
28729_3	17.0	330.0	11.0	0.0	4.0	2.0	0	3	52.38	0.0	44.44	25.0	41.46
28729_4	14.0	340.0	5.0	0.0	5.0	4.0	0	3	23.81	0.0	55.56	50.0	34.15
28729_5	14.0	338.0	5.0	0.0	5.0	4.0	0	3	23.81	0.0	55.56	50.0	34.15
28729_8	13.0	456.0	4.0	0.0	9.0	0.0	0	2	19.05	0.0	100.0	0.0	31.71
2922_1	2.0	373.0	2.0	0.0	0.0	0.0	0	1	9.52	0.0	0.0	0.0	4.88
2922_10	2.0	564.0	2.0	0.0	0.0	0.0	0	1	9.52	0.0	0.0	0.0	4.88
2922_11	2.0	560.0	2.0	0.0	0.0	0.0	0	1	9.52	0.0	0.0	0.0	4.88
2922_12	7.0	314.14285714285717	4.0	0.0	3.0	0.0	0	2	19.05	0.0	33.33	0.0	17.07
2922_13	1.0	362.0	1.0	0.0	0.0	0.0	0	1	4.76	0.0	0.0	0.0	2.44
2922_18	17.0	432.6470588235294	11.0	1.0	1.0	4.0	0	4	52.38	50.0	11.11	50.0	41.46
2922_19	19.0	436.10526315789474	14.0	1.0	0.0	4.0	0	3	66.67	50.0	0.0	50.0	46.34
2922_2	13.0	466.0	11.0	0.0	2.0	0.0	0	2	52.38	0.0	22.22	0.0	31.71
2922_20	19.0	432.10526315789474	14.0	1.0	0.0	4.0	0	3	66.67	50.0	0.0	50.0	46.34
2922_3	16.0	511.3125	13.0	0.0	3.0	0.0	0	2	61.9	0.0	33.33	0.0	39.02
2922_5	2.0	337.0	2.0	0.0	0.0	0.0	0	1	9.52	0.0	0.0	0.0	4.88
2922_8	2.0	330.0	2.0	0.0	0.0	0.0	0	1	9.52	0.0	0.0	0.0	4.88
2922_9	11.0	468.0	11.0	0.0	0.0	0.0	0	1	52.38	0.0	0.0	0.0	26.83
292_18	18.0	418.0	10.0	0.0	8.0	0.0	0	2	47.62	0.0	88.89	0.0	43.9
292_3	15.0	614.0	13.0	0.0	0.0	2.0	0	2	61.9	0.0	0.0	25.0	36.59
296050_1	1.0	592.0	1.0	0.0	0.0	0.0	0	1	4.76	0.0	0.0	0.0	2.44
296050_2	1.0	586.0	1.0	0.0	0.0	0.0	0	1	4.76	0.0	0.0	0.0	2.44
2996_1	13.0	356.0	11.0	0.0	2.0	0.0	0	2	52.38	0.0	22.22	0.0	31.71
2996_10	12.0	365.5	10.0	0.0	0.0	2.0	0	2	47.62	0.0	0.0	25.0	29.27
2996_11	22.0	407.0	11.0	0.0	9.0	2.0	0	3	52.38	0.0	100.0	25.0	53.66
2996_2	5.0	298.0	0.0	0.0	0.0	5.0	0	1	0.0	0.0	0.0	62.5	12.2
2996_3	10.0	293.0	5.0	0.0	0.0	5.0	0	2	23.81	0.0	0.0	62.5	24.39
2996_4	5.0	350.0	5.0	0.0	0.0	0.0	0	1	23.81	0.0	0.0	0.0	12.2
2996_5	19.0	412.0	10.0	0.0	9.0	0.0	0	2	47.62	0.0	100.0	0.0	46.34
2996_6	22.0	407.0	11.0	0.0	9.0	2.0	0	3	52.38	0.0	100.0	25.0	53.66
2996_7	21.0	304.57142857142856	17.0	0.0	0.0	4.0	0	2	80.95	0.0	0.0	50.0	51.22
2996_8	5.0	296.0	0.0	0.0	0.0	5.0	0	1	0.0	0.0	0.0	62.5	12.2
2996_9	2.0	355.0	0.0	0.0	2.0	0.0	0	1	0.0	0.0	22.22	0.0	4.88
299955_13	13.0	601.0	12.0	0.0	0.0	1.0	0	2	57.14	0.0	0.0	12.5	31.71
299955_3	9.0	305.0	7.0	0.0	1.0	1.0	0	3	33.33	0.0	11.11	12.5	21.95
299955_7	22.0	305.0	8.0	0.0	9.0	5.0	0	3	38.1	0.0	100.0	62.5	53.66
299955_9	5.0	507.0	1.0	0.0	4.0	0.0	0	2	4.76	0.0	44.44	0.0	12.2
301_1	23.0	412.0	15.0	0.0	8.0	0.0	0	2	71.43	0.0	88.89	0.0	56.1
301_10	11.0	343.0	11.0	0.0	0.0	0.0	0	1	52.38	0.0	0.0	0.0	26.83
301_11	4.0	642.0	2.0	2.0	0.0	0.0	0	2	9.52	100.0	0.0	0.0	9.76
301_12	15.0	342.0	13.0	0.0	1.0	1.0	0	3	61.9	0.0	11.11	12.5	36.59
301_14	18.0	446.0	15.0	0.0	2.0	1.0	0	3	71.43	0.0	22.22	12.5	43.9
301_16	3.0	526.0	1.0	0.0	2.0	0.0	0	2	4.76	0.0	22.22	0.0	7.32
301_17	3.0	525.0	1.0	0.0	2.0	0.0	0	2	4.76	0.0	22.22	0.0	7.32
301_3	6.0	680.0	6.0	0.0	0.0	0.0	0	1	28.57	0.0	0.0	0.0	14.63
301_4	11.0	326.0	2.0	0.0	9.0	0.0	0	2	9.52	0.0	100.0	0.0	26.83
301_8	11.0	340.0	11.0	0.0	0.0	0.0	0	1	52.38	0.0	0.0	0.0	26.83
30523_15	7.0	304.0	0.0	0.0	3.0	4.0	0	2	0.0	0.0	33.33	50.0	17.07
30523_16	14.0	300.7857142857143	12.0	0.0	2.0	0.0	0	2	57.14	0.0	22.22	0.0	34.15
30523_2	1.0	470.0	1.0	0.0	0.0	0.0	0	1	4.76	0.0	0.0	0.0	2.44
30523_3	1.0	471.0	1.0	0.0	0.0	0.0	0	1	4.76	0.0	0.0	0.0	2.44
30523_7	9.0	548.0	8.0	0.0	1.0	0.0	0	2	38.1	0.0	11.11	0.0	21.95
3059_12	2.0	527.0	2.0	0.0	0.0	0.0	0	1	9.52	0.0	0.0	0.0	4.88
3059_17	5.0	386.0	5.0	0.0	0.0	0.0	0	1	23.81	0.0	0.0	0.0	12.2
3059_20	14.0	518.0	14.0	0.0	0.0	0.0	0	1	66.67	0.0	0.0	0.0	34.15
3059_5	6.0	692.0	6.0	0.0	0.0	0.0	0	1	28.57	0.0	0.0	0.0	14.63
30895_1	20.0	471.0	18.0	2.0	0.0	0.0	0	2	85.71	100.0	0.0	0.0	48.78
30895_10	27.0	471.0	18.0	2.0	7.0	0.0	0	3	85.71	100.0	77.78	0.0	65.85
30895_11	20.0	487.0	13.0	2.0	4.0	1.0	0	4	61.9	100.0	44.44	12.5	48.78
30895_13	12.0	662.0	10.0	0.0	2.0	0.0	0	2	47.62	0.0	22.22	0.0	29.27
30895_14	31.0	501.0	19.0	0.0	7.0	5.0	0	3	90.48	0.0	77.78	62.5	75.61
30895_15	12.0	382.0	10.0	0.0	2.0	0.0	0	2	47.62	0.0	22.22	0.0	29.27
30895_17	23.0	496.0	13.0	2.0	7.0	1.0	0	4	61.9	100.0	77.78	12.5	56.1
30895_2	22.0	484.0	18.0	2.0	2.0	0.0	0	3	85.71	100.0	22.22	0.0	53.66
30895_3	22.0	481.0	18.0	2.0	2.0	0.0	0	3	85.71	100.0	22.22	0.0	53.66
30895_4	22.0	480.0	18.0	2.0	2.0	0.0	0	3	85.71	100.0	22.22	0.0	53.66
30895_5	20.0	472.0	18.0	2.0	0.0	0.0	0	2	85.71	100.0	0.0	0.0	48.78
30895_6	24.0	479.0	17.0	2.0	2.0	3.0	0	4	80.95	100.0	22.22	37.5	58.54
30895_7	20.0	489.0	18.0	0.0	2.0	0.0	0	2	85.71	0.0	22.22	0.0	48.78
30895_8	14.0	504.0	12.0	0.0	2.0	0.0	0	2	57.14	0.0	22.22	0.0	34.15
30895_9	21.0	487.0	17.0	2.0	2.0	0.0	0	3	80.95	100.0	22.22	0.0	51.22
30951_7	15.0	359.0	15.0	0.0	0.0	0.0	0	1	71.43	0.0	0.0	0.0	36.59
31087_10	13.0	528.0	5.0	0.0	4.0	4.0	0	3	23.81	0.0	44.44	50.0	31.71
31087_11	9.0	629.0	9.0	0.0	0.0	0.0	0	1	42.86	0.0	0.0	0.0	21.95
31087_14	8.0	531.0	6.0	0.0	2.0	0.0	0	2	28.57	0.0	22.22	0.0	19.51
31087_16	4.0	520.0	4.0	0.0	0.0	0.0	0	1	19.05	0.0	0.0	0.0	9.76
31087_17	19.0	589.0	7.0	2.0	5.0	5.0	0	4	33.33	100.0	55.56	62.5	46.34
31087_19	8.0	529.0	6.0	0.0	2.0	0.0	0	2	28.57	0.0	22.22	0.0	19.51
31087_2	7.0	550.0	7.0	0.0	0.0	0.0	0	1	33.33	0.0	0.0	0.0	17.07
31087_4	16.0	437.5625	8.0	0.0	8.0	0.0	0	2	38.1	0.0	88.89	0.0	39.02
314_10	7.0	563.0	7.0	0.0	0.0	0.0	0	1	33.33	0.0	0.0	0.0	17.07
314_11	7.0	609.0	7.0	0.0	0.0	0.0	0	1	33.33	0.0	0.0	0.0	17.07
314_12	10.0	687.0	6.0	0.0	0.0	4.0	0	2	28.57	0.0	0.0	50.0	24.39
314_14	8.0	487.0	7.0	0.0	1.0	0.0	0	2	33.33	0.0	11.11	0.0	19.51
314_16	10.0	677.0	6.0	0.0	0.0	4.0	0	2	28.57	0.0	0.0	50.0	24.39
314_17	11.0	412.0	11.0	0.0	0.0	0.0	0	1	52.38	0.0	0.0	0.0	26.83
314_4	5.0	309.0	1.0	0.0	0.0	4.0	0	2	4.76	0.0	0.0	50.0	12.2
314_6	12.0	520.0	4.0	0.0	6.0	2.0	0	3	19.05	0.0	66.67	25.0	29.27
314_8	12.0	436.0	4.0	0.0	8.0	0.0	0	2	19.05	0.0	88.89	0.0	29.27
3176_6	12.0	303.0	11.0	0.0	1.0	0.0	0	2	52.38	0.0	11.11	0.0	29.27
3210_1	5.0	615.0	0.0	0.0	3.0	2.0	0	2	0.0	0.0	33.33	25.0	12.2
3210_10	14.0	698.0	9.0	0.0	5.0	0.0	0	2	42.86	0.0	55.56	0.0	34.15
3210_13	21.0	374.0	17.0	0.0	0.0	4.0	0	2	80.95	0.0	0.0	50.0	51.22
3210_14	4.0	646.0	4.0	0.0	0.0	0.0	0	1	19.05	0.0	0.0	0.0	9.76
3210_17	4.0	648.0	4.0	0.0	0.0	0.0	0	1	19.05	0.0	0.0	0.0	9.76
3210_18	5.0	616.0	0.0	0.0	5.0	0.0	0	1	0.0	0.0	55.56	0.0	12.2
3210_2	14.0	341.0	8.0	0.0	5.0	1.0	0	3	38.1	0.0	55.56	12.5	34.15
3210_20	11.0	621.0	6.0	0.0	5.0	0.0	0	2	28.57	0.0	55.56	0.0	26.83
3210_3	16.0	433.0	10.0	0.0	5.0	1.0	0	3	47.62	0.0	55.56	12.5	39.02
3210_5	15.0	629.0	7.0	0.0	5.0	3.0	0	3	33.33	0.0	55.56	37.5	36.59
3210_7	12.0	516.0	6.0	0.0	4.0	2.0	0	3	28.57	0.0	44.44	25.0	29.27
3210_8	21.0	357.0	17.0	0.0	0.0	4.0	0	2	80.95	0.0	0.0	50.0	51.22
3215_1	13.0	419.0	11.0	2.0	0.0	0.0	0	2	52.38	100.0	0.0	0.0	31.71
3215_12	28.0	547.0	20.0	0.0	0.0	8.0	0	2	95.24	0.0	0.0	100.0	68.29
3215_14	11.0	472.0	4.0	0.0	7.0	0.0	0	2	19.05	0.0	77.78	0.0	26.83
3215_15	4.0	338.0	4.0	0.0	0.0	0.0	0	1	19.05	0.0	0.0	0.0	9.76
3215_16	7.0	426.0	5.0	0.0	2.0	0.0	0	2	23.81	0.0	22.22	0.0	17.07
3216_11	14.0	362.0	9.0	0.0	5.0	0.0	0	2	42.86	0.0	55.56	0.0	34.15
3216_4	3.0	383.0	3.0	0.0	0.0	0.0	0	1	14.29	0.0	0.0	0.0	7.32
3219_1	17.0	515.0	17.0	0.0	0.0	0.0	0	1	80.95	0.0	0.0	0.0	41.46
3219_11	20.0	516.0	18.0	0.0	2.0	0.0	0	2	85.71	0.0	22.22	0.0	48.78
3219_14	7.0	402.0	0.0	0.0	0.0	7.0	0	1	0.0	0.0	0.0	87.5	17.07
3219_2	6.0	344.0	2.0	0.0	1.0	3.0	0	3	9.52	0.0	11.11	37.5	14.63
3219_20	19.0	399.0	10.0	2.0	0.0	7.0	0	3	47.62	100.0	0.0	87.5	46.34
3219_3	7.0	627.0	3.0	0.0	0.0	4.0	0	2	14.29	0.0	0.0	50.0	17.07
3219_4	10.0	415.0	3.0	2.0	0.0	5.0	0	3	14.29	100.0	0.0	62.5	24.39
3219_5	11.0	339.0	5.0	0.0	3.0	3.0	0	3	23.81	0.0	33.33	37.5	26.83
3219_6	10.0	619.0	4.0	0.0	0.0	6.0	0	2	19.05	0.0	0.0	75.0	24.39
3219_7	10.0	307.0	6.0	0.0	0.0	4.0	0	2	28.57	0.0	0.0	50.0	24.39
3219_9	5.0	390.0	4.0	0.0	1.0	0.0	0	2	19.05	0.0	11.11	0.0	12.2
328592_12	4.0	378.0	0.0	0.0	2.0	2.0	0	2	0.0	0.0	22.22	25.0	9.76
328592_14	20.0	437.55	8.0	0.0	7.0	5.0	0	3	38.1	0.0	77.78	62.5	48.78
328592_16	8.0	368.75	0.0	0.0	8.0	0.0	0	1	0.0	0.0	88.89	0.0	19.51
328592_17	19.0	571.3684210526316	14.0	0.0	5.0	0.0	0	2	66.67	0.0	55.56	0.0	46.34
328592_18	4.0	438.0	4.0	0.0	0.0	0.0	0	1	19.05	0.0	0.0	0.0	9.76
328592_20	5.0	504.4	5.0	0.0	0.0	0.0	0	1	23.81	0.0	0.0	0.0	12.2
328592_5	10.0	562.0	7.0	0.0	0.0	3.0	0	2	33.33	0.0	0.0	37.5	24.39
328592_9	3.0	559.0	3.0	0.0	0.0	0.0	0	1	14.29	0.0	0.0	0.0	7.32
3299_1	10.0	319.0	10.0	0.0	0.0	0.0	0	1	47.62	0.0	0.0	0.0	24.39
3299_10	11.0	533.0	11.0	0.0	0.0	0.0	0	1	52.38	0.0	0.0	0.0	26.83
3299_4	11.0	429.0	7.0	0.0	4.0	0.0	0	2	33.33	0.0	44.44	0.0	26.83
3299_5	7.0	420.0	7.0	0.0	0.0	0.0	0	1	33.33	0.0	0.0	0.0	17.07
3299_7	12.0	505.0	10.0	0.0	0.0	2.0	0	2	47.62	0.0	0.0	25.0	29.27
3299_8	12.0	326.0	12.0	0.0	0.0	0.0	0	1	57.14	0.0	0.0	0.0	29.27
33333_4	7.0	486.0	7.0	0.0	0.0	0.0	0	1	33.33	0.0	0.0	0.0	17.07
33333_5	7.0	490.0	7.0	0.0	0.0	0.0	0	1	33.33	0.0	0.0	0.0	17.07
33333_7	21.0	509.0	21.0	0.0	0.0	0.0	0	1	100.0	0.0	0.0	0.0	51.22
3340_1	5.0	341.0	0.0	0.0	5.0	0.0	0	1	0.0	0.0	55.56	0.0	12.2
3340_10	5.0	376.0	0.0	0.0	5.0	0.0	0	1	0.0	0.0	55.56	0.0	12.2
3340_2	5.0	376.0	0.0	0.0	5.0	0.0	0	1	0.0	0.0	55.56	0.0	12.2
3340_3	5.0	339.0	0.0	0.0	5.0	0.0	0	1	0.0	0.0	55.56	0.0	12.2
3340_4	7.0	387.0	7.0	0.0	0.0	0.0	0	1	33.33	0.0	0.0	0.0	17.07
3340_5	11.0	379.0	6.0	0.0	5.0	0.0	0	2	28.57	0.0	55.56	0.0	26.83
3340_6	5.0	376.2	1.0	0.0	4.0	0.0	0	2	4.76	0.0	44.44	0.0	12.2
3340_9	1.0	329.0	0.0	0.0	1.0	0.0	0	1	0.0	0.0	11.11	0.0	2.44
3350_1	21.0	463.0	14.0	0.0	5.0	2.0	0	3	66.67	0.0	55.56	25.0	51.22
3350_11	7.0	510.0	7.0	0.0	0.0	0.0	0	1	33.33	0.0	0.0	0.0	17.07
3350_13	4.0	679.0	4.0	0.0	0.0	0.0	0	1	19.05	0.0	0.0	0.0	9.76
3350_15	7.0	600.0	5.0	0.0	2.0	0.0	0	2	23.81	0.0	22.22	0.0	17.07
3350_18	5.0	680.0	5.0	0.0	0.0	0.0	0	1	23.81	0.0	0.0	0.0	12.2
3350_19	4.0	675.0	4.0	0.0	0.0	0.0	0	1	19.05	0.0	0.0	0.0	9.76
3350_3	14.0	371.0	6.0	0.0	0.0	8.0	0	2	28.57	0.0	0.0	100.0	34.15
3350_4	11.0	585.0	10.0	0.0	1.0	0.0	0	2	47.62	0.0	11.11	0.0	26.83
339_1	7.0	510.0	6.0	0.0	0.0	1.0	0	2	28.57	0.0	0.0	12.5	17.07
339_10	7.0	403.0	6.0	0.0	1.0	0.0	0	2	28.57	0.0	11.11	0.0	17.07
339_3	23.0	637.0	21.0	0.0	2.0	0.0	0	2	100.0	0.0	22.22	0.0	56.1
339_4	20.0	637.0	20.0	0.0	0.0	0.0	0	1	95.24	0.0	0.0	0.0	48.78
339_5	7.0	507.0	6.0	0.0	0.0	1.0	0	2	28.57	0.0	0.0	12.5	17.07
339_6	11.0	500.0	6.0	2.0	2.0	1.0	0	4	28.57	100.0	22.22	12.5	26.83
339_8	6.0	515.0	6.0	0.0	0.0	0.0	0	1	28.57	0.0	0.0	0.0	14.63
339_9	6.0	412.0	6.0	0.0	0.0	0.0	0	1	28.57	0.0	0.0	0.0	14.63
34087_1	12.0	394.0	12.0	0.0	0.0	0.0	0	1	57.14	0.0	0.0	0.0	29.27
34087_10	11.0	308.0	9.0	2.0	0.0	0.0	0	2	42.86	100.0	0.0	0.0	26.83
34087_2	10.0	549.0	10.0	0.0	0.0	0.0	0	1	47.62	0.0	0.0	0.0	24.39
34087_3	6.0	403.0	3.0	0.0	2.0	1.0	0	3	14.29	0.0	22.22	12.5	14.63
34087_4	9.0	329.0	2.0	0.0	7.0	0.0	0	2	9.52	0.0	77.78	0.0	21.95
34087_5	9.0	329.0	2.0	0.0	7.0	0.0	0	2	9.52	0.0	77.78	0.0	21.95
34087_6	8.0	627.0	8.0	0.0	0.0	0.0	0	1	38.1	0.0	0.0	0.0	19.51
34087_8	11.0	311.0	4.0	0.0	0.0	7.0	0	2	19.05	0.0	0.0	87.5	26.83
34087_9	16.0	386.0	8.0	0.0	7.0	1.0	0	3	38.1	0.0	77.78	12.5	39.02
3421_1	6.0	480.0	4.0	2.0	0.0	0.0	0	2	19.05	100.0	0.0	0.0	14.63
3421_10	17.0	333.0	12.0	0.0	5.0	0.0	0	2	57.14	0.0	55.56	0.0	41.46
3421_11	9.0	470.0	7.0	2.0	0.0	0.0	0	2	33.33	100.0	0.0	0.0	21.95
3421_16	16.0	403.0	15.0	0.0	1.0	0.0	0	2	71.43	0.0	11.11	0.0	39.02
3421_17	21.0	440.0	12.0	0.0	4.0	5.0	0	3	57.14	0.0	44.44	62.5	51.22
3421_20	13.0	435.0	11.0	0.0	1.0	1.0	0	3	52.38	0.0	11.11	12.5	31.71
3421_6	14.0	335.0	9.0	0.0	5.0	0.0	0	2	42.86	0.0	55.56	0.0	34.15
3421_7	17.0	328.0	12.0	0.0	5.0	0.0	0	2	57.14	0.0	55.56	0.0	41.46
3421_9	14.0	473.0	14.0	0.0	0.0	0.0	0	1	66.67	0.0	0.0	0.0	34.15
34764_1	5.0	575.0	5.0	0.0	0.0	0.0	0	1	23.81	0.0	0.0	0.0	12.2
3480_1	4.0	380.0	3.0	0.0	0.0	1.0	0	2	14.29	0.0	0.0	12.5	9.76
3482_1	6.0	557.0	6.0	0.0	0.0	0.0	0	1	28.57	0.0	0.0	0.0	14.63
3482_10	1.0	654.0	1.0	0.0	0.0	0.0	0	1	4.76	0.0	0.0	0.0	2.44
3482_12	6.0	667.0	6.0	0.0	0.0	0.0	0	1	28.57	0.0	0.0	0.0	14.63
3482_15	7.0	694.0	7.0	0.0	0.0	0.0	0	1	33.33	0.0	0.0	0.0	17.07
3482_16	2.0	643.0	2.0	0.0	0.0	0.0	0	1	9.52	0.0	0.0	0.0	4.88
3482_17	2.0	381.0	1.0	0.0	0.0	1.0	0	2	4.76	0.0	0.0	12.5	4.88
3482_19	3.0	403.0	3.0	0.0	0.0	0.0	0	1	14.29	0.0	0.0	0.0	7.32
3482_2	6.0	372.0	6.0	0.0	0.0	0.0	0	1	28.57	0.0	0.0	0.0	14.63
3482_3	20.0	623.0	16.0	0.0	0.0	4.0	0	2	76.19	0.0	0.0	50.0	48.78
3482_4	9.0	560.0	9.0	0.0	0.0	0.0	0	1	42.86	0.0	0.0	0.0	21.95
3482_5	16.0	396.0	16.0	0.0	0.0	0.0	0	1	76.19	0.0	0.0	0.0	39.02
3482_7	4.0	360.0	4.0	0.0	0.0	0.0	0	1	19.05	0.0	0.0	0.0	9.76
3510_14	26.0	379.0	16.0	0.0	9.0	1.0	0	3	76.19	0.0	100.0	12.5	63.41
3510_3	4.0	387.0	4.0	0.0	0.0	0.0	0	1	19.05	0.0	0.0	0.0	9.76
3510_4	25.0	336.0	17.0	0.0	8.0	0.0	1	2	80.95	0.0	88.89	0.0	60.98
3510_5	8.0	301.0	8.0	0.0	0.0	0.0	0	1	38.1	0.0	0.0	0.0	19.51
3510_9	3.0	586.0	2.0	0.0	1.0	0.0	0	2	9.52	0.0	11.11	0.0	7.32
35211_10	10.0	344.0	6.0	0.0	4.0	0.0	0	2	28.57	0.0	44.44	0.0	24.39
35211_11	2.0	667.0	0.0	0.0	2.0	0.0	0	1	0.0	0.0	22.22	0.0	4.88
35211_7	6.0	358.0	6.0	0.0	0.0	0.0	0	1	28.57	0.0	0.0	0.0	14.63
35211_8	6.0	555.0	6.0	0.0	0.0	0.0	0	1	28.57	0.0	0.0	0.0	14.63
352_1	1.0	317.0	1.0	0.0	0.0	0.0	0	1	4.76	0.0	0.0	0.0	2.44
352_3	7.0	318.0	1.0	0.0	6.0	0.0	0	2	4.76	0.0	66.67	0.0	17.07
352_5	4.0	318.0	0.0	0.0	4.0	0.0	0	1	0.0	0.0	44.44	0.0	9.76
35402_1	5.0	347.0	5.0	0.0	0.0	0.0	0	1	23.81	0.0	0.0	0.0	12.2
357121_11	18.0	471.0	8.0	0.0	4.0	6.0	0	3	38.1	0.0	44.44	75.0	43.9
357121_12	10.0	341.0	10.0	0.0	0.0	0.0	0	1	47.62	0.0	0.0	0.0	24.39
357121_14	26.0	560.0	15.0	0.0	6.0	5.0	0	3	71.43	0.0	66.67	62.5	63.41
357121_15	22.0	450.0	16.0	0.0	6.0	0.0	0	2	76.19	0.0	66.67	0.0	53.66
357121_16	26.0	451.0	16.0	0.0	6.0	4.0	0	3	76.19	0.0	66.67	50.0	63.41
357121_17	1.0	613.0	1.0	0.0	0.0	0.0	0	1	4.76	0.0	0.0	0.0	2.44
357121_18	11.0	440.0	8.0	0.0	0.0	3.0	0	2	38.1	0.0	0.0	37.5	26.83
357121_19	14.0	466.0	8.0	0.0	5.0	1.0	0	3	38.1	0.0	55.56	12.5	34.15
357121_3	9.0	460.0	8.0	0.0	1.0	0.0	0	2	38.1	0.0	11.11	0.0	21.95
357121_9	11.0	474.0	11.0	0.0	0.0	0.0	0	1	52.38	0.0	0.0	0.0	26.83
3584_1	12.0	317.0	12.0	0.0	0.0	0.0	0	1	57.14	0.0	0.0	0.0	29.27
3584_11	4.0	668.0	4.0	0.0	0.0	0.0	0	1	19.05	0.0	0.0	0.0	9.76
3584_15	10.0	552.0	10.0	0.0	0.0	0.0	0	1	47.62	0.0	0.0	0.0	24.39
3584_9	17.0	317.0	12.0	0.0	0.0	5.0	0	2	57.14	0.0	0.0	62.5	41.46
3588_1	13.0	470.0	13.0	0.0	0.0	0.0	0	1	61.9	0.0	0.0	0.0	31.71
3588_10	20.0	616.0	10.0	0.0	4.0	6.0	0	3	47.62	0.0	44.44	75.0	48.78
3588_11	12.0	420.0	7.0	0.0	5.0	0.0	0	2	33.33	0.0	55.56	0.0	29.27
3588_12	13.0	313.0	12.0	0.0	1.0	0.0	0	2	57.14	0.0	11.11	0.0	31.71
3588_14	12.0	413.0	10.0	0.0	0.0	2.0	0	2	47.62	0.0	0.0	25.0	29.27
3588_15	19.0	660.0	12.0	0.0	7.0	0.0	0	2	57.14	0.0	77.78	0.0	46.34
3588_16	4.0	590.0	2.0	0.0	2.0	0.0	0	2	9.52	0.0	22.22	0.0	9.76
3588_17	8.0	492.0	8.0	0.0	0.0	0.0	0	1	38.1	0.0	0.0	0.0	19.51
3588_18	19.0	651.0	12.0	0.0	7.0	0.0	0	2	57.14	0.0	77.78	0.0	46.34
3588_3	12.0	400.0	12.0	0.0	0.0	0.0	0	1	57.14	0.0	0.0	0.0	29.27
3588_4	17.0	458.0	10.0	0.0	0.0	7.0	0	2	47.62	0.0	0.0	87.5	41.46
3588_8	12.0	415.0	10.0	0.0	0.0	2.0	0	2	47.62	0.0	0.0	25.0	29.27
3589_11	9.0	596.0	1.0	0.0	8.0	0.0	0	2	4.76	0.0	88.89	0.0	21.95
3589_16	10.0	340.0	7.0	2.0	1.0	0.0	0	3	33.33	100.0	11.11	0.0	24.39
3589_19	7.0	409.0	2.0	0.0	0.0	5.0	0	2	9.52	0.0	0.0	62.5	17.07
3589_2	23.0	521.0	16.0	0.0	7.0	0.0	0	2	76.19	0.0	77.78	0.0	56.1
3589_3	9.0	357.0	8.0	0.0	1.0	0.0	0	2	38.1	0.0	11.11	0.0	21.95
3589_4	28.0	630.0	18.0	0.0	6.0	4.0	1	3	85.71	0.0	66.67	50.0	68.29
3589_7	14.0	562.0	14.0	0.0	0.0	0.0	0	1	66.67	0.0	0.0	0.0	34.15
3589_9	8.0	341.0	7.0	0.0	1.0	0.0	0	2	33.33	0.0	11.11	0.0	19.51
3598_10	12.0	335.0	5.0	2.0	4.0	1.0	1	4	23.81	100.0	44.44	12.5	29.27
3598_11	9.0	448.0	6.0	0.0	0.0	3.0	0	2	28.57	0.0	0.0	37.5	21.95
3598_18	6.0	397.0	0.0	0.0	4.0	2.0	0	2	0.0	0.0	44.44	25.0	14.63
3598_20	5.0	347.0	3.0	0.0	0.0	2.0	0	2	14.29	0.0	0.0	25.0	12.2
3598_3	15.0	348.0	14.0	0.0	0.0	1.0	0	2	66.67	0.0	0.0	12.5	36.59
3598_5	4.0	370.0	0.0	0.0	4.0	0.0	0	1	0.0	0.0	44.44	0.0	9.76
3598_8	8.0	353.0	7.0	0.0	0.0	1.0	0	2	33.33	0.0	0.0	12.5	19.51
359_3	9.0	524.0	7.0	2.0	0.0	0.0	0	2	33.33	100.0	0.0	0.0	21.95
3600_1	2.0	526.0	2.0	0.0	0.0	0.0	0	1	9.52	0.0	0.0	0.0	4.88
3600_2	2.0	528.0	2.0	0.0	0.0	0.0	0	1	9.52	0.0	0.0	0.0	4.88
3600_4	2.0	524.0	2.0	0.0	0.0	0.0	0	1	9.52	0.0	0.0	0.0	4.88
3903_1	17.0	348.0	11.0	0.0	6.0	0.0	0	2	52.38	0.0	66.67	0.0	41.46
3903_10	19.0	355.0	12.0	0.0	5.0	2.0	0	3	57.14	0.0	55.56	25.0	46.34
3903_13	20.0	301.0	19.0	0.0	1.0	0.0	0	2	90.48	0.0	11.11	0.0	48.78
3903_14	5.0	541.0	5.0	0.0	0.0	0.0	0	1	23.81	0.0	0.0	0.0	12.2
3903_15	20.0	301.0	19.0	0.0	1.0	0.0	0	2	90.48	0.0	11.11	0.0	48.78
3903_16	15.0	676.0	15.0	0.0	0.0	0.0	0	1	71.43	0.0	0.0	0.0	36.59
3903_18	16.0	694.0	16.0	0.0	0.0	0.0	0	1	76.19	0.0	0.0	0.0	39.02
3903_2	9.0	555.0	4.0	0.0	5.0	0.0	0	2	19.05	0.0	55.56	0.0	21.95
3903_4	18.0	634.0	12.0	0.0	6.0	0.0	0	2	57.14	0.0	66.67	0.0	43.9
3903_5	21.0	688.0	16.0	0.0	5.0	0.0	0	2	76.19	0.0	55.56	0.0	51.22
3903_6	14.0	633.0	14.0	0.0	0.0	0.0	0	1	66.67	0.0	0.0	0.0	34.15
3903_7	6.0	619.0	6.0	0.0	0.0	0.0	0	1	28.57	0.0	0.0	0.0	14.63
3903_8	8.0	671.0	8.0	0.0	0.0	0.0	0	1	38.1	0.0	0.0	0.0	19.51
391_1	3.0	350.0	3.0	0.0	0.0	0.0	0	1	14.29	0.0	0.0	0.0	7.32
393_11	13.0	565.0	6.0	0.0	7.0	0.0	0	2	28.57	0.0	77.78	0.0	31.71
393_12	26.0	520.0	17.0	0.0	9.0	0.0	0	2	80.95	0.0	100.0	0.0	63.41
393_13	29.0	467.0	22.0	0.0	4.0	3.0	0	3	104.76	0.0	44.44	37.5	70.73
393_19	26.0	376.0	9.0	2.0	7.0	8.0	1	4	42.86	100.0	77.78	100.0	63.41
393_4	9.0	635.0	2.0	0.0	7.0	0.0	0	2	9.52	0.0	77.78	0.0	21.95
393_7	23.0	358.0	9.0	2.0	5.0	7.0	1	4	42.86	100.0	55.56	87.5	56.1
393_8	4.0	699.0	1.0	1.0	1.0	1.0	0	4	4.76	50.0	11.11	12.5	9.76
39665_1	8.0	460.0	8.0	0.0	0.0	0.0	0	1	38.1	0.0	0.0	0.0	19.51
39665_10	16.0	599.0	9.0	0.0	7.0	0.0	0	2	42.86	0.0	77.78	0.0	39.02
39665_11	1.0	485.0	1.0	0.0	0.0	0.0	0	1	4.76	0.0	0.0	0.0	2.44
39665_13	19.0	394.0	19.0	0.0	0.0	0.0	0	1	90.48	0.0	0.0	0.0	46.34
39665_14	8.0	308.0	8.0	0.0	0.0	0.0	0	1	38.1	0.0	0.0	0.0	19.51
39665_15	2.0	670.0	2.0	0.0	0.0	0.0	0	1	9.52	0.0	0.0	0.0	4.88
39665_17	27.0	458.0	19.0	0.0	5.0	3.0	0	3	90.48	0.0	55.56	37.5	65.85
39665_18	20.0	446.0	13.0	0.0	2.0	5.0	0	3	61.9	0.0	22.22	62.5	48.78
39665_3	14.0	669.0	12.0	0.0	2.0	0.0	0	2	57.14	0.0	22.22	0.0	34.15
39665_4	20.0	410.0	11.0	0.0	9.0	0.0	0	2	52.38	0.0	100.0	0.0	48.78
39665_8	33.0	519.0	18.0	0.0	7.0	8.0	0	3	85.71	0.0	77.78	100.0	80.49
40149_1	21.0	418.0	9.0	0.0	7.0	5.0	0	3	42.86	0.0	77.78	62.5	51.22
40149_15	1.0	343.0	1.0	0.0	0.0	0.0	0	1	4.76	0.0	0.0	0.0	2.44
40149_16	17.0	385.0	8.0	0.0	9.0	0.0	0	2	38.1	0.0	100.0	0.0	41.46
40149_17	14.0	357.0	8.0	0.0	6.0	0.0	0	2	38.1	0.0	66.67	0.0	34.15
40149_3	10.0	400.0	10.0	0.0	0.0	0.0	0	1	47.62	0.0	0.0	0.0	24.39
40149_4	19.0	398.0	10.0	0.0	9.0	0.0	0	2	47.62	0.0	100.0	0.0	46.34
40149_5	13.0	371.0	1.0	0.0	7.0	5.0	0	3	4.76	0.0	77.78	62.5	31.71
40149_7	23.0	376.0	9.0	0.0	6.0	8.0	0	3	42.86	0.0	66.67	100.0	56.1
40149_8	20.0	355.0	8.0	0.0	6.0	6.0	0	3	38.1	0.0	66.67	75.0	48.78
40149_9	10.0	405.0	10.0	0.0	0.0	0.0	0	1	47.62	0.0	0.0	0.0	24.39
40236_1	8.0	541.0	8.0	0.0	0.0	0.0	0	1	38.1	0.0	0.0	0.0	19.51
40236_2	2.0	469.0	2.0	0.0	0.0	0.0	0	1	9.52	0.0	0.0	0.0	4.88
40236_3	3.0	469.0	3.0	0.0	0.0	0.0	0	1	14.29	0.0	0.0	0.0	7.32
40236_5	3.0	462.0	3.0	0.0	0.0	0.0	0	1	14.29	0.0	0.0	0.0	7.32
40236_6	2.0	466.0	2.0	0.0	0.0	0.0	0	1	9.52	0.0	0.0	0.0	4.88
40236_7	17.0	393.0	9.0	0.0	2.0	6.0	0	3	42.86	0.0	22.22	75.0	41.46
402_12	36.0	628.0	19.0	2.0	9.0	6.0	0	4	90.48	100.0	100.0	75.0	87.8
402_15	17.0	493.0	17.0	0.0	0.0	0.0	0	1	80.95	0.0	0.0	0.0	41.46
402_17	15.0	624.0	5.0	0.0	3.0	7.0	0	3	23.81	0.0	33.33	87.5	36.59
402_18	23.0	614.0	17.0	0.0	6.0	0.0	0	2	80.95	0.0	66.67	0.0	56.1
402_20	14.0	305.0	8.0	0.0	6.0	0.0	0	2	38.1	0.0	66.67	0.0	34.15
402_3	20.0	433.0	20.0	0.0	0.0	0.0	0	1	95.24	0.0	0.0	0.0	48.78
402_6	4.0	550.0	4.0	0.0	0.0	0.0	0	1	19.05	0.0	0.0	0.0	9.76
402_9	23.0	618.0	17.0	0.0	6.0	0.0	0	2	80.95	0.0	66.67	0.0	56.1
406_1	3.0	474.0	2.0	0.0	1.0	0.0	0	2	9.52	0.0	11.11	0.0	7.32
411182_10	8.0	309.0	8.0	0.0	0.0	0.0	0	1	38.1	0.0	0.0	0.0	19.51
411182_2	15.0	386.0	15.0	0.0	0.0	0.0	0	1	71.43	0.0	0.0	0.0	36.59
411182_3	11.0	317.0	6.0	0.0	0.0	5.0	0	2	28.57	0.0	0.0	62.5	26.83
411182_4	23.0	307.0	14.0	0.0	5.0	4.0	0	3	66.67	0.0	55.56	50.0	56.1
411182_5	23.0	305.0	14.0	0.0	5.0	4.0	0	3	66.67	0.0	55.56	50.0	56.1
411182_8	12.0	524.0	9.0	0.0	0.0	3.0	0	2	42.86	0.0	0.0	37.5	29.27
41138_1	11.0	515.0	11.0	0.0	0.0	0.0	0	1	52.38	0.0	0.0	0.0	26.83
41138_2	11.0	506.0	11.0	0.0	0.0	0.0	0	1	52.38	0.0	0.0	0.0	26.83
42104_10	9.0	365.0	7.0	0.0	2.0	0.0	0	2	33.33	0.0	22.22	0.0	21.95
42104_11	17.0	314.0	14.0	0.0	3.0	0.0	0	2	66.67	0.0	33.33	0.0	41.46
42104_12	7.0	331.0	7.0	0.0	0.0	0.0	0	1	33.33	0.0	0.0	0.0	17.07
42104_13	4.0	347.0	2.0	0.0	2.0	0.0	0	2	9.52	0.0	22.22	0.0	9.76
42104_15	10.0	342.0	10.0	0.0	0.0	0.0	0	1	47.62	0.0	0.0	0.0	24.39
42104_18	4.0	328.0	4.0	0.0	0.0	0.0	0	1	19.05	0.0	0.0	0.0	9.76
42104_4	4.0	426.0	4.0	0.0	0.0	0.0	0	1	19.05	0.0	0.0	0.0	9.76
42104_8	4.0	324.0	4.0	0.0	0.0	0.0	0	1	19.05	0.0	0.0	0.0	9.76
42104_9	10.0	484.0	7.0	0.0	0.0	3.0	0	2	33.33	0.0	0.0	37.5	24.39
426956_1	1.0	551.0	0.0	0.0	0.0	1.0	0	1	0.0	0.0	0.0	12.5	2.44
426956_11	10.0	403.0	8.0	0.0	2.0	0.0	0	2	38.1	0.0	22.22	0.0	24.39
426956_12	2.0	565.5	2.0	0.0	0.0	0.0	0	1	9.52	0.0	0.0	0.0	4.88
426956_13	4.0	551.75	2.0	0.0	2.0	0.0	0	2	9.52	0.0	22.22	0.0	9.76
426956_14	3.0	558.0	1.0	0.0	2.0	0.0	0	2	4.76	0.0	22.22	0.0	7.32
426956_15	8.0	542.0	5.0	0.0	2.0	1.0	0	3	23.81	0.0	22.22	12.5	19.51
426956_2	2.0	563.5	2.0	0.0	0.0	0.0	0	1	9.52	0.0	0.0	0.0	4.88
426956_3	2.0	321.0	2.0	0.0	0.0	0.0	0	1	9.52	0.0	0.0	0.0	4.88
426956_5	3.0	562.0	1.0	0.0	2.0	0.0	0	2	4.76	0.0	22.22	0.0	7.32
426956_6	14.0	332.0	6.0	0.0	0.0	8.0	0	2	28.57	0.0	0.0	100.0	34.15
426956_9	8.0	315.0	8.0	0.0	0.0	0.0	0	1	38.1	0.0	0.0	0.0	19.51
428940_1	1.0	361.0	1.0	0.0	0.0	0.0	0	1	4.76	0.0	0.0	0.0	2.44
428940_7	10.0	443.8	5.0	0.0	5.0	0.0	0	2	23.81	0.0	55.56	0.0	24.39
428940_8	8.0	322.0	5.0	0.0	0.0	3.0	0	2	23.81	0.0	0.0	37.5	19.51
42_1	5.0	344.0	5.0	0.0	0.0	0.0	0	1	23.81	0.0	0.0	0.0	12.2
42_2	8.0	349.0	8.0	0.0	0.0	0.0	0	1	38.1	0.0	0.0	0.0	19.51
42_3	8.0	351.0	8.0	0.0	0.0	0.0	0	1	38.1	0.0	0.0	0.0	19.51
432667_1	8.0	439.0	3.0	0.0	5.0	0.0	0	2	14.29	0.0	55.56	0.0	19.51
432667_2	14.0	455.0	9.0	0.0	5.0	0.0	0	2	42.86	0.0	55.56	0.0	34.15
43296_12	7.0	404.0	7.0	0.0	0.0	0.0	0	1	33.33	0.0	0.0	0.0	17.07
43296_8	5.0	333.0	5.0	0.0	0.0	0.0	0	1	23.81	0.0	0.0	0.0	12.2
43296_9	14.0	323.0	14.0	0.0	0.0	0.0	0	1	66.67	0.0	0.0	0.0	34.15
437_1	1.0	308.0	1.0	0.0	0.0	0.0	0	1	4.76	0.0	0.0	0.0	2.44
437_10	16.0	314.0	10.0	0.0	0.0	6.0	0	2	47.62	0.0	0.0	75.0	39.02
437_11	16.0	315.0	10.0	0.0	0.0	6.0	0	2	47.62	0.0	0.0	75.0	39.02
437_12	14.0	302.0	13.0	0.0	0.0	1.0	0	2	61.9	0.0	0.0	12.5	34.15
437_13	2.0	328.0	2.0	0.0	0.0	0.0	0	1	9.52	0.0	0.0	0.0	4.88
437_2	14.0	410.0	13.0	0.0	0.0	1.0	0	2	61.9	0.0	0.0	12.5	34.15
437_3	10.0	301.0	9.0	0.0	0.0	1.0	0	2	42.86	0.0	0.0	12.5	24.39
437_4	16.0	309.0	15.0	0.0	0.0	1.0	0	2	71.43	0.0	0.0	12.5	39.02
437_6	2.0	333.0	2.0	0.0	0.0	0.0	0	1	9.52	0.0	0.0	0.0	4.88
437_7	10.0	304.0	9.0	0.0	0.0	1.0	0	2	42.86	0.0	0.0	12.5	24.39
437_8	13.0	302.0	12.0	0.0	0.0	1.0	0	2	57.14	0.0	0.0	12.5	31.71
437_9	19.0	309.0	13.0	0.0	0.0	6.0	0	2	61.9	0.0	0.0	75.0	46.34
43_13	2.0	359.0	0.0	0.0	2.0	0.0	0	1	0.0	0.0	22.22	0.0	4.88
43_3	2.0	337.0	0.0	0.0	2.0	0.0	0	1	0.0	0.0	22.22	0.0	4.88
43_4	2.0	352.0	0.0	0.0	2.0	0.0	0	1	0.0	0.0	22.22	0.0	4.88
43_7	21.0	333.0	21.0	0.0	0.0	0.0	0	1	100.0	0.0	0.0	0.0	51.22
443_1	7.0	355.0	3.0	0.0	4.0	0.0	0	2	14.29	0.0	44.44	0.0	17.07
443_2	3.0	362.0	3.0	0.0	0.0	0.0	0	1	14.29	0.0	0.0	0.0	7.32
44900_1	5.0	465.2	1.0	0.0	0.0	4.0	0	2	4.76	0.0	0.0	50.0	12.2
44900_12	22.0	368.59090909090907	8.0	0.0	6.0	8.0	0	3	38.1	0.0	66.67	100.0	53.66
44900_3	2.0	463.0	0.0	0.0	0.0	2.0	0	1	0.0	0.0	0.0	25.0	4.88
44900_4	4.0	344.0	0.0	0.0	4.0	0.0	0	1	0.0	0.0	44.44	0.0	9.76
44900_5	22.0	363.59090909090907	8.0	0.0	6.0	8.0	0	3	38.1	0.0	66.67	100.0	53.66
44900_6	5.0	315.0	0.0	0.0	5.0	0.0	0	1	0.0	0.0	55.56	0.0	12.2
44900_7	4.0	304.0	0.0	0.0	4.0	0.0	0	1	0.0	0.0	44.44	0.0	9.76
44900_8	4.0	300.0	0.0	0.0	4.0	0.0	0	1	0.0	0.0	44.44	0.0	9.76
46_1	13.0	359.0	8.0	0.0	0.0	5.0	0	2	38.1	0.0	0.0	62.5	31.71
46_17	29.0	404.0	20.0	2.0	0.0	7.0	0	3	95.24	100.0	0.0	87.5	70.73
46_18	17.0	361.0	11.0	0.0	0.0	6.0	0	2	52.38	0.0	0.0	75.0	41.46
46_8	27.0	327.0	16.0	0.0	9.0	2.0	0	3	76.19	0.0	100.0	25.0	65.85
46_9	20.0	316.0	9.0	0.0	9.0	2.0	0	3	42.86	0.0	100.0	25.0	48.78
471_20	23.0	460.0	12.0	0.0	4.0	7.0	0	3	57.14	0.0	44.44	87.5	56.1
471_5	13.0	630.0	11.0	0.0	0.0	2.0	0	2	52.38	0.0	0.0	25.0	31.71
471_9	9.0	631.0	7.0	0.0	0.0	2.0	0	2	33.33	0.0	0.0	25.0	21.95
47409_1	1.0	544.0	1.0	0.0	0.0	0.0	0	1	4.76	0.0	0.0	0.0	2.44
47683_3	13.0	455.38461538461536	13.0	0.0	0.0	0.0	0	1	61.9	0.0	0.0	0.0	31.71
47884_1	5.0	305.0	5.0	0.0	0.0	0.0	0	1	23.81	0.0	0.0	0.0	12.2
482514_1	5.0	392.0	5.0	0.0	0.0	0.0	0	1	23.81	0.0	0.0	0.0	12.2
48489_7	4.0	405.0	0.0	0.0	4.0	0.0	0	1	0.0	0.0	44.44	0.0	9.76
48489_8	4.0	403.0	0.0	0.0	4.0	0.0	0	1	0.0	0.0	44.44	0.0	9.76
49107_2	10.0	339.0	10.0	0.0	0.0	0.0	0	1	47.62	0.0	0.0	0.0	24.39
491_5	15.0	379.0	11.0	0.0	4.0	0.0	0	2	52.38	0.0	44.44	0.0	36.59
49961_2	15.0	347.0	8.0	0.0	7.0	0.0	0	2	38.1	0.0	77.78	0.0	36.59
49961_5	24.0	305.0	16.0	0.0	0.0	8.0	0	2	76.19	0.0	0.0	100.0	58.54
49_1	8.0	504.0	8.0	0.0	0.0	0.0	0	1	38.1	0.0	0.0	0.0	19.51
49_10	4.0	556.0	2.0	2.0	0.0	0.0	0	2	9.52	100.0	0.0	0.0	9.76
49_13	15.0	428.0	8.0	0.0	7.0	0.0	0	2	38.1	0.0	77.78	0.0	36.59
49_14	10.0	436.0	4.0	0.0	6.0	0.0	0	2	19.05	0.0	66.67	0.0	24.39
49_2	29.0	390.0	13.0	0.0	8.0	8.0	1	3	61.9	0.0	88.89	100.0	70.73
49_4	29.0	391.0	13.0	0.0	8.0	8.0	1	3	61.9	0.0	88.89	100.0	70.73
49_5	27.0	393.0	11.0	0.0	8.0	8.0	2	3	52.38	0.0	88.89	100.0	65.85
49_6	31.0	382.0	13.0	2.0	8.0	8.0	0	4	61.9	100.0	88.89	100.0	75.61
49_7	31.0	382.0	13.0	2.0	8.0	8.0	0	4	61.9	100.0	88.89	100.0	75.61
49_8	33.0	379.0	19.0	0.0	9.0	5.0	1	3	90.48	0.0	100.0	62.5	80.49
500_1	18.0	425.0	10.0	0.0	2.0	6.0	0	3	47.62	0.0	22.22	75.0	43.9
500_11	16.0	302.0	16.0	0.0	0.0	0.0	0	1	76.19	0.0	0.0	0.0	39.02
500_2	13.0	309.0	11.0	2.0	0.0	0.0	0	2	52.38	100.0	0.0	0.0	31.71
500_3	11.0	689.0	10.0	0.0	0.0	1.0	0	2	47.62	0.0	0.0	12.5	26.83
500_4	19.0	679.0	18.0	0.0	0.0	1.0	0	2	85.71	0.0	0.0	12.5	46.34
500_6	16.0	433.0	10.0	0.0	0.0	6.0	0	2	47.62	0.0	0.0	75.0	39.02
500_7	19.0	675.0	18.0	0.0	0.0	1.0	0	2	85.71	0.0	0.0	12.5	46.34
500_8	13.0	305.0	11.0	2.0	0.0	0.0	0	2	52.38	100.0	0.0	0.0	31.71
51058_11	8.0	594.125	7.0	0.0	0.0	1.0	0	2	33.33	0.0	0.0	12.5	19.51
51058_19	9.0	326.0	6.0	0.0	3.0	0.0	0	2	28.57	0.0	33.33	0.0	21.95
51058_3	12.0	635.5	12.0	0.0	0.0	0.0	0	1	57.14	0.0	0.0	0.0	29.27
51058_4	7.0	525.0	7.0	0.0	0.0	0.0	0	1	33.33	0.0	0.0	0.0	17.07
51058_5	5.0	531.0	5.0	0.0	0.0	0.0	0	1	23.81	0.0	0.0	0.0	12.2
51058_9	8.0	597.375	8.0	0.0	0.0	0.0	0	1	38.1	0.0	0.0	0.0	19.51
51278_1	6.0	361.0	6.0	0.0	0.0	0.0	0	1	28.57	0.0	0.0	0.0	14.63
526_1	29.0	421.0	17.0	2.0	7.0	3.0	0	4	80.95	100.0	77.78	37.5	70.73
526_11	29.0	597.0	13.0	2.0	7.0	7.0	0	4	61.9	100.0	77.78	87.5	70.73
526_12	16.0	619.0	11.0	0.0	2.0	3.0	0	3	52.38	0.0	22.22	37.5	39.02
526_2	26.0	645.9230769230769	16.0	0.0	7.0	3.0	0	3	76.19	0.0	77.78	37.5	63.41
526_4	16.0	621.3125	10.0	0.0	6.0	0.0	0	2	47.62	0.0	66.67	0.0	39.02
526_6	4.0	349.0	4.0	0.0	0.0	0.0	0	1	19.05	0.0	0.0	0.0	9.76
526_7	14.0	448.0	10.0	0.0	1.0	3.0	0	3	47.62	0.0	11.11	37.5	34.15
526_8	18.0	425.0	16.0	0.0	2.0	0.0	0	2	76.19	0.0	22.22	0.0	43.9
53208_2	11.0	505.27272727272725	11.0	0.0	0.0	0.0	0	1	52.38	0.0	0.0	0.0	26.83
53208_4	13.0	506.2307692307692	13.0	0.0	0.0	0.0	0	1	61.9	0.0	0.0	0.0	31.71
53208_5	14.0	502.2142857142857	14.0	0.0	0.0	0.0	0	1	66.67	0.0	0.0	0.0	34.15
536_1	11.0	598.0	11.0	0.0	0.0	0.0	0	1	52.38	0.0	0.0	0.0	26.83
536_13	20.0	301.0	16.0	0.0	4.0	0.0	0	2	76.19	0.0	44.44	0.0	48.78
536_18	17.0	660.2941176470588	12.0	0.0	5.0	0.0	0	2	57.14	0.0	55.56	0.0	41.46
536_2	14.0	530.1428571428571	5.0	2.0	7.0	0.0	0	3	23.81	100.0	77.78	0.0	34.15
536_20	25.0	386.52	13.0	0.0	4.0	8.0	0	3	61.9	0.0	44.44	100.0	60.98
536_3	13.0	627.0	11.0	2.0	0.0	0.0	0	2	52.38	100.0	0.0	0.0	31.71
5379_10	2.0	677.0	2.0	0.0	0.0	0.0	0	1	9.52	0.0	0.0	0.0	4.88
5379_14	7.0	441.0	7.0	0.0	0.0	0.0	0	1	33.33	0.0	0.0	0.0	17.07
5379_15	10.0	518.0	10.0	0.0	0.0	0.0	0	1	47.62	0.0	0.0	0.0	24.39
5379_17	14.0	328.0	14.0	0.0	0.0	0.0	0	1	66.67	0.0	0.0	0.0	34.15
5379_3	11.0	364.0	3.0	0.0	5.0	3.0	0	3	14.29	0.0	55.56	37.5	26.83
5379_4	11.0	500.0	8.0	0.0	3.0	0.0	0	2	38.1	0.0	33.33	0.0	26.83
5379_7	10.0	440.0	8.0	0.0	2.0	0.0	0	2	38.1	0.0	22.22	0.0	24.39
5379_9	21.0	517.0	16.0	0.0	0.0	5.0	0	2	76.19	0.0	0.0	62.5	51.22
5416_3	2.0	359.0	0.0	0.0	0.0	2.0	0	1	0.0	0.0	0.0	25.0	4.88
5416_6	2.0	362.0	0.0	0.0	0.0	2.0	0	1	0.0	0.0	0.0	25.0	4.88
5429_3	1.0	489.0	0.0	0.0	0.0	1.0	0	1	0.0	0.0	0.0	12.5	2.44
5429_4	6.0	487.0	5.0	0.0	0.0	1.0	0	2	23.81	0.0	0.0	12.5	14.63
543_3	20.0	503.0	15.0	0.0	0.0	5.0	0	2	71.43	0.0	0.0	62.5	48.78
543_4	13.0	483.0	13.0	0.0	0.0	0.0	0	1	61.9	0.0	0.0	0.0	31.71
544_1	8.0	349.0	0.0	0.0	8.0	0.0	0	1	0.0	0.0	88.89	0.0	19.51
544_12	8.0	361.0	0.0	0.0	8.0	0.0	0	1	0.0	0.0	88.89	0.0	19.51
544_3	17.0	365.0	0.0	2.0	8.0	7.0	0	3	0.0	100.0	88.89	87.5	41.46
544_4	15.0	359.0	0.0	0.0	8.0	7.0	0	2	0.0	0.0	88.89	87.5	36.59
544_5	2.0	489.0	0.0	0.0	2.0	0.0	0	1	0.0	0.0	22.22	0.0	4.88
544_7	27.0	347.0	19.0	0.0	8.0	0.0	0	2	90.48	0.0	88.89	0.0	65.85
544_8	30.0	347.0	22.0	0.0	8.0	0.0	0	2	104.76	0.0	88.89	0.0	73.17
54502_3	11.0	540.0	11.0	0.0	0.0	0.0	0	1	52.38	0.0	0.0	0.0	26.83
5538_4	9.0	449.0	8.0	0.0	1.0	0.0	0	2	38.1	0.0	11.11	0.0	21.95
5538_5	37.0	323.0	20.0	2.0	7.0	8.0	0	4	95.24	100.0	77.78	100.0	90.24
5538_7	19.0	462.0	10.0	2.0	7.0	0.0	0	3	47.62	100.0	77.78	0.0	46.34
5538_8	8.0	519.0	8.0	0.0	0.0	0.0	0	1	38.1	0.0	0.0	0.0	19.51
555_2	13.0	316.0	4.0	0.0	5.0	4.0	0	3	19.05	0.0	55.56	50.0	31.71
555_3	14.0	584.1428571428571	10.0	0.0	0.0	4.0	0	2	47.62	0.0	0.0	50.0	34.15
555_4	17.0	386.05882352941177	6.0	0.0	5.0	6.0	0	3	28.57	0.0	55.56	75.0	41.46
555_5	8.0	467.0	8.0	0.0	0.0	0.0	0	1	38.1	0.0	0.0	0.0	19.51
555_6	7.0	664.0	7.0	0.0	0.0	0.0	0	1	33.33	0.0	0.0	0.0	17.07
55716_1	9.0	512.0	1.0	0.0	3.0	5.0	0	3	4.76	0.0	33.33	62.5	21.95
55716_2	7.0	513.8571428571429	1.0	0.0	0.0	6.0	0	2	4.76	0.0	0.0	75.0	17.07
55716_4	9.0	512.0	1.0	0.0	3.0	5.0	0	3	4.76	0.0	33.33	62.5	21.95
55907_1	21.0	448.57142857142856	18.0	0.0	0.0	3.0	0	2	85.71	0.0	0.0	37.5	51.22
55907_3	9.0	479.3333333333333	9.0	0.0	0.0	0.0	0	1	42.86	0.0	0.0	0.0	21.95
55907_5	1.0	290.0	1.0	0.0	0.0	0.0	0	1	4.76	0.0	0.0	0.0	2.44
55907_6	3.0	293.0	1.0	0.0	2.0	0.0	0	2	4.76	0.0	22.22	0.0	7.32
55907_9	11.0	516.5454545454545	9.0	0.0	2.0	0.0	0	2	42.86	0.0	22.22	0.0	26.83
562_1	7.0	630.0	2.0	0.0	3.0	2.0	0	3	9.52	0.0	33.33	25.0	17.07
562_7	10.0	636.0	2.0	0.0	3.0	5.0	0	3	9.52	0.0	33.33	62.5	24.39
5670_5	11.0	343.0	11.0	0.0	0.0	0.0	0	1	52.38	0.0	0.0	0.0	26.83
5670_7	13.0	339.0	12.0	0.0	0.0	1.0	0	2	57.14	0.0	0.0	12.5	31.71
5724_2	10.0	337.3	9.0	0.0	1.0	0.0	0	2	42.86	0.0	11.11	0.0	24.39
5724_7	13.0	429.0	10.0	0.0	3.0	0.0	0	2	47.62	0.0	33.33	0.0	31.71
5724_9	14.0	438.85714285714283	11.0	2.0	1.0	0.0	0	3	52.38	100.0	11.11	0.0	34.15
58363_10	15.0	536.0	7.0	0.0	2.0	6.0	0	3	33.33	0.0	22.22	75.0	36.59
58363_14	2.0	622.0	0.0	0.0	0.0	2.0	0	1	0.0	0.0	0.0	25.0	4.88
58363_15	10.0	532.0	4.0	0.0	0.0	6.0	0	2	19.05	0.0	0.0	75.0	24.39
58363_18	9.0	423.0	8.0	0.0	0.0	1.0	0	2	38.1	0.0	0.0	12.5	21.95
58363_20	10.0	535.0	4.0	0.0	0.0	6.0	0	2	19.05	0.0	0.0	75.0	24.39
58363_4	15.0	542.0	7.0	0.0	2.0	6.0	0	3	33.33	0.0	22.22	75.0	36.59
58363_5	22.0	351.0	7.0	1.0	6.0	8.0	0	4	33.33	50.0	66.67	100.0	53.66
58363_7	11.0	450.0	10.0	0.0	0.0	1.0	0	2	47.62	0.0	0.0	12.5	26.83
58363_8	13.0	540.0	7.0	0.0	0.0	6.0	0	2	33.33	0.0	0.0	75.0	31.71
58363_9	13.0	546.0	7.0	0.0	0.0	6.0	0	2	33.33	0.0	0.0	75.0	31.71
5960_3	5.0	487.0	3.0	0.0	2.0	0.0	0	2	14.29	0.0	22.22	0.0	12.2
5960_4	10.0	493.0	4.0	0.0	6.0	0.0	0	2	19.05	0.0	66.67	0.0	24.39
5960_5	19.0	390.0	11.0	0.0	8.0	0.0	0	2	52.38	0.0	88.89	0.0	46.34
59692_1	9.0	589.0	8.0	0.0	1.0	0.0	0	2	38.1	0.0	11.11	0.0	21.95
596983_1	8.0	456.875	0.0	0.0	3.0	5.0	0	2	0.0	0.0	33.33	62.5	19.51
596983_2	8.0	451.875	0.0	0.0	3.0	5.0	0	2	0.0	0.0	33.33	62.5	19.51
599_1	8.0	461.0	0.0	0.0	3.0	5.0	0	2	0.0	0.0	33.33	62.5	19.51
599_14	2.0	416.0	0.0	0.0	0.0	2.0	0	1	0.0	0.0	0.0	25.0	4.88
599_15	5.0	425.0	5.0	0.0	0.0	0.0	0	1	23.81	0.0	0.0	0.0	12.2
599_3	19.0	312.0	10.0	0.0	9.0	0.0	0	2	47.62	0.0	100.0	0.0	46.34
599_4	19.0	312.0	10.0	0.0	9.0	0.0	0	2	47.62	0.0	100.0	0.0	46.34
599_5	2.0	417.0	0.0	0.0	0.0	2.0	0	1	0.0	0.0	0.0	25.0	4.88
599_6	9.0	467.0	0.0	0.0	4.0	5.0	0	2	0.0	0.0	44.44	62.5	21.95
604685_1	13.0	452.0	13.0	0.0	0.0	0.0	0	1	61.9	0.0	0.0	0.0	31.71
604685_10	19.0	431.0	14.0	0.0	5.0	0.0	0	2	66.67	0.0	55.56	0.0	46.34
604685_2	13.0	429.0	13.0	0.0	0.0	0.0	0	1	61.9	0.0	0.0	0.0	31.71
604685_5	23.0	425.0	16.0	0.0	7.0	0.0	0	2	76.19	0.0	77.78	0.0	56.1
604_1	8.0	403.0	1.0	0.0	7.0	0.0	0	2	4.76	0.0	77.78	0.0	19.51
604_2	8.0	405.0	1.0	0.0	7.0	0.0	0	2	4.76	0.0	77.78	0.0	19.51
604_3	11.0	470.0	1.0	0.0	2.0	8.0	0	3	4.76	0.0	22.22	100.0	26.83
604_4	19.0	450.0	1.0	2.0	8.0	8.0	0	4	4.76	100.0	88.89	100.0	46.34
604_5	6.0	477.0	1.0	0.0	2.0	3.0	0	3	4.76	0.0	22.22	37.5	14.63
604_7	8.0	328.0	0.0	0.0	0.0	8.0	0	1	0.0	0.0	0.0	100.0	19.51
604_8	8.0	330.0	0.0	0.0	0.0	8.0	0	1	0.0	0.0	0.0	100.0	19.51
604_9	16.0	401.0	1.0	0.0	7.0	8.0	0	3	4.76	0.0	77.78	100.0	39.02
60809_13	8.0	680.0	8.0	0.0	0.0	0.0	0	1	38.1	0.0	0.0	0.0	19.51
60809_14	9.0	677.0	9.0	0.0	0.0	0.0	0	1	42.86	0.0	0.0	0.0	21.95
620861_15	10.0	367.0	8.0	0.0	2.0	0.0	0	2	38.1	0.0	22.22	0.0	24.39
62802_11	15.0	333.0	15.0	0.0	0.0	0.0	0	1	71.43	0.0	0.0	0.0	36.59
62802_5	1.0	423.0	0.0	1.0	0.0	0.0	0	1	0.0	50.0	0.0	0.0	2.44
62802_8	13.0	462.0	12.0	0.0	0.0	1.0	0	2	57.14	0.0	0.0	12.5	31.71
637_1	4.0	350.0	4.0	0.0	0.0	0.0	0	1	19.05	0.0	0.0	0.0	9.76
660_5	22.0	333.0	20.0	0.0	2.0	0.0	0	2	95.24	0.0	22.22	0.0	53.66
660_7	21.0	382.0	17.0	0.0	4.0	0.0	0	2	80.95	0.0	44.44	0.0	51.22
66353_1	13.0	489.0	12.0	0.0	1.0	0.0	0	2	57.14	0.0	11.11	0.0	31.71
66353_2	10.0	473.0	10.0	0.0	0.0	0.0	0	1	47.62	0.0	0.0	0.0	24.39
66353_5	6.0	493.0	6.0	0.0	0.0	0.0	0	1	28.57	0.0	0.0	0.0	14.63
66353_7	4.0	478.0	4.0	0.0	0.0	0.0	0	1	19.05	0.0	0.0	0.0	9.76
66353_8	14.0	477.0	13.0	0.0	1.0	0.0	0	2	61.9	0.0	11.11	0.0	34.15
685489_10	9.0	325.0	9.0	0.0	0.0	0.0	0	1	42.86	0.0	0.0	0.0	21.95
685489_11	15.0	363.0	12.0	0.0	0.0	3.0	0	2	57.14	0.0	0.0	37.5	36.59
685489_18	17.0	352.0	13.0	2.0	0.0	2.0	0	3	61.9	100.0	0.0	25.0	41.46
685489_5	15.0	356.0	13.0	0.0	0.0	2.0	0	2	61.9	0.0	0.0	25.0	36.59
685489_7	15.0	635.0	13.0	0.0	0.0	2.0	0	2	61.9	0.0	0.0	25.0	36.59
685489_8	22.0	638.0	13.0	0.0	2.0	7.0	0	3	61.9	0.0	22.22	87.5	53.66
685489_9	20.0	306.0	11.0	0.0	2.0	7.0	0	3	52.38	0.0	22.22	87.5	48.78
686_1	1.0	328.0	1.0	0.0	0.0	0.0	0	1	4.76	0.0	0.0	0.0	2.44
686_13	1.0	384.0	1.0	0.0	0.0	0.0	0	1	4.76	0.0	0.0	0.0	2.44
686_15	1.0	389.0	1.0	0.0	0.0	0.0	0	1	4.76	0.0	0.0	0.0	2.44
686_3	13.0	420.0	13.0	0.0	0.0	0.0	0	1	61.9	0.0	0.0	0.0	31.71
686_4	14.0	422.0	14.0	0.0	0.0	0.0	0	1	66.67	0.0	0.0	0.0	34.15
7069_15	21.0	604.0	16.0	0.0	5.0	0.0	0	2	76.19	0.0	55.56	0.0	51.22
7069_16	17.0	595.0	9.0	0.0	8.0	0.0	0	2	42.86	0.0	88.89	0.0	41.46
7069_2	10.0	618.0	10.0	0.0	0.0	0.0	0	1	47.62	0.0	0.0	0.0	24.39
7069_4	18.0	612.0	13.0	0.0	5.0	0.0	0	2	61.9	0.0	55.56	0.0	43.9
7069_5	15.0	622.0	15.0	0.0	0.0	0.0	0	1	71.43	0.0	0.0	0.0	36.59
7069_6	13.0	609.0	7.0	0.0	6.0	0.0	0	2	33.33	0.0	66.67	0.0	31.71
7069_7	10.0	611.0	10.0	0.0	0.0	0.0	0	1	47.62	0.0	0.0	0.0	24.39
7069_8	13.0	603.0	7.0	0.0	6.0	0.0	0	2	33.33	0.0	66.67	0.0	31.71
70890_10	11.0	415.0	6.0	0.0	4.0	1.0	0	3	28.57	0.0	44.44	12.5	26.83
70890_13	15.0	447.0	6.0	0.0	5.0	4.0	0	3	28.57	0.0	55.56	50.0	36.59
70890_14	11.0	319.0	1.0	0.0	2.0	8.0	0	3	4.76	0.0	22.22	100.0	26.83
70890_15	7.0	396.0	3.0	0.0	0.0	4.0	0	2	14.29	0.0	0.0	50.0	17.07
70890_6	5.0	429.0	0.0	0.0	4.0	1.0	0	2	0.0	0.0	44.44	12.5	12.2
70890_7	11.0	419.0	6.0	0.0	4.0	1.0	0	3	28.57	0.0	44.44	12.5	26.83
70890_8	9.0	428.0	0.0	0.0	5.0	4.0	0	2	0.0	0.0	55.56	50.0	21.95
70890_9	5.0	589.0	5.0	0.0	0.0	0.0	0	1	23.81	0.0	0.0	0.0	12.2
70_6	9.0	330.0	9.0	0.0	0.0	0.0	0	1	42.86	0.0	0.0	0.0	21.95
71_1	10.0	512.0	7.0	0.0	3.0	0.0	0	2	33.33	0.0	33.33	0.0	24.39
71_2	10.0	513.0	7.0	0.0	3.0	0.0	0	2	33.33	0.0	33.33	0.0	24.39
71_4	23.0	408.0	14.0	0.0	9.0	0.0	0	2	66.67	0.0	100.0	0.0	56.1
72340_13	13.0	406.0	6.0	0.0	0.0	7.0	0	2	28.57	0.0	0.0	87.5	31.71
72340_14	30.0	520.0	17.0	0.0	7.0	6.0	0	3	80.95	0.0	77.78	75.0	73.17
72340_15	16.0	396.0	9.0	0.0	0.0	7.0	0	2	42.86	0.0	0.0	87.5	39.02
72340_16	22.0	317.0	9.0	0.0	7.0	6.0	0	3	42.86	0.0	77.78	75.0	53.66
72340_17	30.0	523.0	17.0	0.0	7.0	6.0	0	3	80.95	0.0	77.78	75.0	73.17
72340_2	20.0	514.0	18.0	0.0	0.0	2.0	0	2	85.71	0.0	0.0	25.0	48.78
72340_20	19.0	428.0	10.0	0.0	6.0	3.0	0	3	47.62	0.0	66.67	37.5	46.34
72340_4	6.0	331.0	6.0	0.0	0.0	0.0	0	1	28.57	0.0	0.0	0.0	14.63
73204_5	3.0	478.0	3.0	0.0	0.0	0.0	0	1	14.29	0.0	0.0	0.0	7.32
73204_6	3.0	480.0	3.0	0.0	0.0	0.0	0	1	14.29	0.0	0.0	0.0	7.32
74159_1	6.0	321.0	6.0	0.0	0.0	0.0	0	1	28.57	0.0	0.0	0.0	14.63
74159_4	6.0	323.0	6.0	0.0	0.0	0.0	0	1	28.57	0.0	0.0	0.0	14.63
74159_6	6.0	312.0	6.0	0.0	0.0	0.0	0	1	28.57	0.0	0.0	0.0	14.63
74159_7	14.0	305.0	14.0	0.0	0.0	0.0	0	1	66.67	0.0	0.0	0.0	34.15
75553_10	7.0	442.0	2.0	0.0	5.0	0.0	0	2	9.52	0.0	55.56	0.0	17.07
75553_13	11.0	606.0	8.0	0.0	0.0	3.0	0	2	38.1	0.0	0.0	37.5	26.83
75553_14	4.0	400.0	4.0	0.0	0.0	0.0	0	1	19.05	0.0	0.0	0.0	9.76
75553_5	3.0	392.0	3.0	0.0	0.0	0.0	0	1	14.29	0.0	0.0	0.0	7.32
76772_4	13.0	573.0	7.0	0.0	6.0	0.0	0	2	33.33	0.0	66.67	0.0	31.71
77505_1	3.0	383.0	1.0	0.0	2.0	0.0	0	2	4.76	0.0	22.22	0.0	7.32
77505_2	3.0	383.0	1.0	0.0	2.0	0.0	0	2	4.76	0.0	22.22	0.0	7.32
79074_3	8.0	411.25	6.0	0.0	0.0	2.0	0	2	28.57	0.0	0.0	25.0	19.51
79074_5	8.0	571.0	8.0	0.0	0.0	0.0	0	1	38.1	0.0	0.0	0.0	19.51
79074_6	8.0	569.0	8.0	0.0	0.0	0.0	0	1	38.1	0.0	0.0	0.0	19.51
80311_3	10.0	377.0	10.0	0.0	0.0	0.0	0	1	47.62	0.0	0.0	0.0	24.39
80_1	17.0	355.52941176470586	10.0	0.0	7.0	0.0	0	2	47.62	0.0	77.78	0.0	41.46
80_2	24.0	488.0	10.0	1.0	8.0	5.0	0	4	47.62	50.0	88.89	62.5	58.54
80_3	10.0	316.0	10.0	0.0	0.0	0.0	0	1	47.62	0.0	0.0	0.0	24.39
817_1	19.0	610.0	14.0	0.0	5.0	0.0	0	2	66.67	0.0	55.56	0.0	46.34
817_15	6.0	502.0	6.0	0.0	0.0	0.0	0	1	28.57	0.0	0.0	0.0	14.63
817_18	2.0	605.0	1.0	0.0	1.0	0.0	0	2	4.76	0.0	11.11	0.0	4.88
817_19	17.0	422.0	7.0	0.0	8.0	2.0	0	3	33.33	0.0	88.89	25.0	41.46
817_5	19.0	610.0	14.0	0.0	5.0	0.0	0	2	66.67	0.0	55.56	0.0	46.34
86865_10	4.0	370.0	3.0	0.0	0.0	1.0	0	2	14.29	0.0	0.0	12.5	9.76
86865_11	3.0	371.0	2.0	0.0	0.0	1.0	0	2	9.52	0.0	0.0	12.5	7.32
86865_4	4.0	552.0	3.0	0.0	0.0	1.0	0	2	14.29	0.0	0.0	12.5	9.76
86_10	7.0	413.0	2.0	0.0	5.0	0.0	0	2	9.52	0.0	55.56	0.0	17.07
86_11	7.0	681.0	2.0	0.0	5.0	0.0	0	2	9.52	0.0	55.56	0.0	17.07
86_16	7.0	414.0	2.0	0.0	5.0	0.0	0	2	9.52	0.0	55.56	0.0	17.07
86_18	14.0	681.0	9.0	0.0	5.0	0.0	0	2	42.86	0.0	55.56	0.0	34.15
86_19	7.0	412.0	2.0	0.0	5.0	0.0	0	2	9.52	0.0	55.56	0.0	17.07
89338_1	7.0	344.0	0.0	2.0	5.0	0.0	0	2	0.0	100.0	55.56	0.0	17.07
89338_2	6.0	348.0	0.0	2.0	4.0	0.0	0	2	0.0	100.0	44.44	0.0	14.63
89338_3	2.0	334.0	0.0	0.0	2.0	0.0	0	1	0.0	0.0	22.22	0.0	4.88
89338_6	12.0	567.5	12.0	0.0	0.0	0.0	0	1	57.14	0.0	0.0	0.0	29.27
89338_7	13.0	569.6923076923077	13.0	0.0	0.0	0.0	0	1	61.9	0.0	0.0	0.0	31.71
91236_1	2.0	372.0	0.0	0.0	2.0	0.0	0	1	0.0	0.0	22.22	0.0	4.88
91236_4	10.0	374.0	3.0	0.0	7.0	0.0	0	2	14.29	0.0	77.78	0.0	24.39
92_1	8.0	379.0	1.0	2.0	0.0	5.0	0	3	4.76	100.0	0.0	62.5	19.51
92_10	14.0	540.0	11.0	0.0	0.0	3.0	0	2	52.38	0.0	0.0	37.5	34.15
92_11	21.0	379.0	13.0	0.0	7.0	1.0	0	3	61.9	0.0	77.78	12.5	51.22
92_12	15.0	546.0	11.0	2.0	0.0	2.0	0	3	52.38	100.0	0.0	25.0	36.59
92_16	5.0	449.0	2.0	0.0	2.0	1.0	0	3	9.52	0.0	22.22	12.5	12.2
92_17	16.0	397.0	8.0	0.0	5.0	3.0	0	3	38.1	0.0	55.56	37.5	39.02
92_18	3.0	474.0	3.0	0.0	0.0	0.0	0	1	14.29	0.0	0.0	0.0	7.32
92_19	6.0	478.0	6.0	0.0	0.0	0.0	0	1	28.57	0.0	0.0	0.0	14.63
92_2	3.0	430.0	0.0	0.0	2.0	1.0	0	2	0.0	0.0	22.22	12.5	7.32
92_8	11.0	602.0	8.0	0.0	2.0	1.0	0	3	38.1	0.0	22.22	12.5	26.83
92_9	3.0	433.0	0.0	0.0	2.0	1.0	0	2	0.0	0.0	22.22	12.5	7.32
95158_8	16.0	355.0	10.0	2.0	1.0	3.0	0	4	47.62	100.0	11.11	37.5	39.02
95158_9	16.0	357.0	10.0	2.0	1.0	3.0	0	4	47.62	100.0	11.11	37.5	39.02
98_4	6.0	361.0	0.0	0.0	6.0	0.0	0	1	0.0	0.0	66.67	0.0	14.63
3299_2			0.0	0.0	0.0	0.0	0	0	0.0	0.0	0.0	0.0	
3299_3			0.0	0.0	0.0	0.0	0	0	0.0	0.0	0.0	0.0	
91236_2			0.0	0.0	0.0	0.0	0	0	0.0	0.0	0.0	0.0	
91236_3			0.0	0.0	0.0	0.0	0	0	0.0	0.0	0.0	0.0	
91236_6			0.0	0.0	0.0	0.0	0	0	0.0	0.0	0.0	0.0	
91236_7			0.0	0.0	0.0	0.0	0	0	0.0	0.0	0.0	0.0	
91236_10			0.0	0.0	0.0	0.0	0	0	0.0	0.0	0.0	0.0	
91236_11			0.0	0.0	0.0	0.0	0	0	0.0	0.0	0.0	0.0	
86865_6			0.0	0.0	0.0	0.0	0	0	0.0	0.0	0.0	0.0	
86865_12			0.0	0.0	0.0	0.0	0	0	0.0	0.0	0.0	0.0	
86865_14			0.0	0.0	0.0	0.0	0	0	0.0	0.0	0.0	0.0	
64683_3			0.0	0.0	0.0	0.0	0	0	0.0	0.0	0.0	0.0	
236_2			0.0	0.0	0.0	0.0	0	0	0.0	0.0	0.0	0.0	
27380_1			0.0	0.0	0.0	0.0	0	0	0.0	0.0	0.0	0.0	
27380_2			0.0	0.0	0.0	0.0	0	0	0.0	0.0	0.0	0.0	
3219_19			0.0	0.0	0.0	0.0	0	0	0.0	0.0	0.0	0.0	
2922_4			0.0	0.0	0.0	0.0	0	0	0.0	0.0	0.0	0.0	
26679_8			0.0	0.0	0.0	0.0	0	0	0.0	0.0	0.0	0.0	
20906_1			0.0	0.0	0.0	0.0	0	0	0.0	0.0	0.0	0.0	
54502_1			0.0	0.0	0.0	0.0	0	0	0.0	0.0	0.0	0.0	
54502_2			0.0	0.0	0.0	0.0	0	0	0.0	0.0	0.0	0.0	
328592_1			0.0	0.0	0.0	0.0	0	0	0.0	0.0	0.0	0.0	
328592_11			0.0	0.0	0.0	0.0	0	0	0.0	0.0	0.0	0.0	
328592_13			0.0	0.0	0.0	0.0	0	0	0.0	0.0	0.0	0.0	
28083_2			0.0	0.0	0.0	0.0	0	0	0.0	0.0	0.0	0.0	
28083_4			0.0	0.0	0.0	0.0	0	0	0.0	0.0	0.0	0.0	
686_10			0.0	0.0	0.0	0.0	0	0	0.0	0.0	0.0	0.0	
686_11			0.0	0.0	0.0	0.0	0	0	0.0	0.0	0.0	0.0	
3215_7			0.0	0.0	0.0	0.0	0	0	0.0	0.0	0.0	0.0	
693956_1			0.0	0.0	0.0	0.0	0	0	0.0	0.0	0.0	0.0	
75553_15			0.0	0.0	0.0	0.0	0	0	0.0	0.0	0.0	0.0	
620861_17			0.0	0.0	0.0	0.0	0	0	0.0	0.0	0.0	0.0	
25479_2			0.0	0.0	0.0	0.0	0	0	0.0	0.0	0.0	0.0	
25479_8			0.0	0.0	0.0	0.0	0	0	0.0	0.0	0.0	0.0	
3059_14			0.0	0.0	0.0	0.0	0	0	0.0	0.0	0.0	0.0	
76772_6			0.0	0.0	0.0	0.0	0	0	0.0	0.0	0.0	0.0	
55127_3			0.0	0.0	0.0	0.0	0	0	0.0	0.0	0.0	0.0	
28773_1			0.0	0.0	0.0	0.0	0	0	0.0	0.0	0.0	0.0	
35211_17			0.0	0.0	0.0	0.0	0	0	0.0	0.0	0.0	0.0	
29467_1			0.0	0.0	0.0	0.0	0	0	0.0	0.0	0.0	0.0	
5416_2			0.0	0.0	0.0	0.0	0	0	0.0	0.0	0.0	0.0	
5416_4			0.0	0.0	0.0	0.0	0	0	0.0	0.0	0.0	0.0	
5416_5			0.0	0.0	0.0	0.0	0	0	0.0	0.0	0.0	0.0	
5416_7			0.0	0.0	0.0	0.0	0	0	0.0	0.0	0.0	0.0	
3421_2			0.0	0.0	0.0	0.0	0	0	0.0	0.0	0.0	0.0	
3421_4			0.0	0.0	0.0	0.0	0	0	0.0	0.0	0.0	0.0	
3421_5			0.0	0.0	0.0	0.0	0	0	0.0	0.0	0.0	0.0	
99929_1			0.0	0.0	0.0	0.0	0	0	0.0	0.0	0.0	0.0	
27446_1			0.0	0.0	0.0	0.0	0	0	0.0	0.0	0.0	0.0	
27446_5			0.0	0.0	0.0	0.0	0	0	0.0	0.0	0.0	0.0	
93010_1			0.0	0.0	0.0	0.0	0	0	0.0	0.0	0.0	0.0	
21494_3			0.0	0.0	0.0	0.0	0	0	0.0	0.0	0.0	0.0	
21494_4			0.0	0.0	0.0	0.0	0	0	0.0	0.0	0.0	0.0	
3340_7			0.0	0.0	0.0	0.0	0	0	0.0	0.0	0.0	0.0	
3340_8			0.0	0.0	0.0	0.0	0	0	0.0	0.0	0.0	0.0	
3340_11			0.0	0.0	0.0	0.0	0	0	0.0	0.0	0.0	0.0	
89338_4			0.0	0.0	0.0	0.0	0	0	0.0	0.0	0.0	0.0	
89338_5			0.0	0.0	0.0	0.0	0	0	0.0	0.0	0.0	0.0	
72340_3			0.0	0.0	0.0	0.0	0	0	0.0	0.0	0.0	0.0	
22190_4			0.0	0.0	0.0	0.0	0	0	0.0	0.0	0.0	0.0	
22190_5			0.0	0.0	0.0	0.0	0	0	0.0	0.0	0.0	0.0	
21589_2			0.0	0.0	0.0	0.0	0	0	0.0	0.0	0.0	0.0	
48489_11			0.0	0.0	0.0	0.0	0	0	0.0	0.0	0.0	0.0	
14855_18			0.0	0.0	0.0	0.0	0	0	0.0	0.0	0.0	0.0	
20827_13			0.0	0.0	0.0	0.0	0	0	0.0	0.0	0.0	0.0	
