primerId	amps_nb	mean_amp_length	count_I	count_II	count_III	count_IV	non_target_count	distinct_clusters	%_amp_I	%_amp_II	%_amp_III	%_amp_IV	%genomes_amp
100376_1	13.0	392.0	6.0	0.0	0.0	7.0	0	2	28.57	0.0	0.0	87.5	31.71
103120_2	23.0	579.0	16.0	0.0	0.0	7.0	0	2	76.19	0.0	0.0	87.5	56.1
103120_4	25.0	576.0	16.0	2.0	0.0	7.0	0	3	76.19	100.0	0.0	87.5	60.98
103403_1	23.0	280.0	22.0	0.0	0.0	1.0	0	2	104.76	0.0	0.0	12.5	56.1
103403_2	20.0	285.0	19.0	0.0	0.0	1.0	0	2	90.48	0.0	0.0	12.5	48.78
105859_9	20.0	639.25	13.0	1.0	6.0	0.0	0	3	61.9	50.0	66.67	0.0	48.78
106994_2	33.0	342.969696969697	22.0	1.0	7.0	3.0	0	4	104.76	50.0	77.78	37.5	80.49
106994_3	24.0	349.0	18.0	0.0	3.0	3.0	0	3	85.71	0.0	33.33	37.5	58.54
108341_1	23.0	319.0	16.0	0.0	3.0	4.0	0	3	76.19	0.0	33.33	50.0	56.1
109_11	34.0	409.0	19.0	2.0	5.0	8.0	1	4	90.48	100.0	55.56	100.0	82.93
109_15	20.0	319.0	9.0	0.0	3.0	8.0	0	3	42.86	0.0	33.33	100.0	48.78
109_17	32.0	510.0	20.0	0.0	9.0	3.0	0	3	95.24	0.0	100.0	37.5	78.05
109_4	26.0	501.0	17.0	0.0	9.0	0.0	0	2	80.95	0.0	100.0	0.0	63.41
109_5	39.0	521.0	22.0	0.0	9.0	8.0	2	3	104.76	0.0	100.0	100.0	95.12
10_1	35.0	642.0	17.0	2.0	8.0	8.0	0	4	80.95	100.0	88.89	100.0	85.37
10_11	32.0	631.0	22.0	2.0	0.0	8.0	0	3	104.76	100.0	0.0	100.0	78.05
10_12	30.0	469.0	21.0	0.0	9.0	0.0	0	2	100.0	0.0	100.0	0.0	73.17
10_15	38.0	412.0	21.0	0.0	9.0	8.0	0	3	100.0	0.0	100.0	100.0	92.68
10_16	36.0	492.0	17.0	2.0	9.0	8.0	0	4	80.95	100.0	100.0	100.0	87.8
10_17	31.0	475.0	19.0	0.0	9.0	3.0	0	3	90.48	0.0	100.0	37.5	75.61
10_4	29.0	475.0	17.0	2.0	7.0	3.0	0	4	80.95	100.0	77.78	37.5	70.73
10_5	29.0	483.0	19.0	0.0	9.0	1.0	0	3	90.48	0.0	100.0	12.5	70.73
10_6	34.0	628.0	19.0	0.0	8.0	7.0	0	3	90.48	0.0	88.89	87.5	82.93
10_7	35.0	478.0	20.0	0.0	9.0	6.0	0	3	95.24	0.0	100.0	75.0	85.37
10_8	36.0	652.0	22.0	0.0	8.0	6.0	0	3	104.76	0.0	88.89	75.0	87.8
10_9	37.0	315.0	19.0	2.0	8.0	8.0	0	4	90.48	100.0	88.89	100.0	90.24
113680_1	31.0	445.96774193548384	17.0	2.0	7.0	5.0	0	4	80.95	100.0	77.78	62.5	75.61
113_1	38.0	328.3421052631579	22.0	0.0	9.0	7.0	0	3	104.76	0.0	100.0	87.5	92.68
113_3	26.0	310.7307692307692	15.0	2.0	9.0	0.0	0	3	71.43	100.0	100.0	0.0	63.41
113_4	22.0	323.77272727272725	13.0	0.0	9.0	0.0	0	2	61.9	0.0	100.0	0.0	53.66
113_5	38.0	329.3421052631579	22.0	0.0	9.0	7.0	0	3	104.76	0.0	100.0	87.5	92.68
113_6	36.0	331.4166666666667	22.0	0.0	9.0	5.0	0	3	104.76	0.0	100.0	62.5	87.8
11_12	36.0	571.0	22.0	2.0	9.0	3.0	0	4	104.76	100.0	100.0	37.5	87.8
11_15	34.0	467.94117647058823	22.0	2.0	7.0	3.0	0	4	104.76	100.0	77.78	37.5	82.93
11_17	39.0	366.0	21.0	2.0	9.0	7.0	0	4	100.0	100.0	100.0	87.5	95.12
11_18	36.0	411.0	22.0	2.0	9.0	3.0	0	4	104.76	100.0	100.0	37.5	87.8
11_2	31.0	528.0	20.0	0.0	3.0	8.0	1	3	95.24	0.0	33.33	100.0	75.61
11_4	35.0	635.0	21.0	0.0	7.0	7.0	0	3	100.0	0.0	77.78	87.5	85.37
125_1	16.0	480.5625	15.0	0.0	1.0	0.0	0	2	71.43	0.0	11.11	0.0	39.02
125_2	20.0	170.7	12.0	0.0	4.0	4.0	0	3	57.14	0.0	44.44	50.0	48.78
125_3	14.0	482.42857142857144	14.0	0.0	0.0	0.0	0	1	66.67	0.0	0.0	0.0	34.15
134285_1	24.0	492.0	7.0	0.0	9.0	8.0	0	3	33.33	0.0	100.0	100.0	58.54
134285_10	41.0	338.0975609756098	22.0	2.0	9.0	8.0	0	4	104.76	100.0	100.0	100.0	100.0
134285_2	37.0	301.0	21.0	0.0	8.0	8.0	0	3	100.0	0.0	88.89	100.0	90.24
134285_4	31.0	306.0	21.0	0.0	8.0	2.0	0	3	100.0	0.0	88.89	25.0	75.61
134285_5	22.0	353.0	13.0	2.0	0.0	7.0	0	3	61.9	100.0	0.0	87.5	53.66
134285_8	38.0	541.3157894736842	21.0	0.0	9.0	8.0	0	3	100.0	0.0	100.0	100.0	92.68
1376_6	31.0	418.0	16.0	0.0	7.0	8.0	0	3	76.19	0.0	77.78	100.0	75.61
139_14	39.0	349.0	22.0	2.0	7.0	8.0	0	4	104.76	100.0	77.78	100.0	95.12
139_19	40.0	576.0	22.0	2.0	9.0	7.0	0	4	104.76	100.0	100.0	87.5	97.56
139_3	36.0	397.0	22.0	2.0	9.0	3.0	0	4	104.76	100.0	100.0	37.5	87.8
139_9	39.0	630.0	22.0	2.0	7.0	8.0	0	4	104.76	100.0	77.78	100.0	95.12
141154_11	25.0	323.0	15.0	1.0	7.0	2.0	0	4	71.43	50.0	77.78	25.0	60.98
142805_11	35.0	350.0	19.0	2.0	8.0	6.0	0	4	90.48	100.0	88.89	75.0	85.37
142805_12	37.0	440.0	18.0	2.0	9.0	8.0	0	4	85.71	100.0	100.0	100.0	90.24
142805_13	36.0	416.0	19.0	1.0	8.0	8.0	0	4	90.48	50.0	88.89	100.0	87.8
142805_16	29.0	454.0	21.0	0.0	8.0	0.0	0	2	100.0	0.0	88.89	0.0	70.73
142805_18	37.0	303.0	18.0	2.0	9.0	8.0	0	4	85.71	100.0	100.0	100.0	90.24
142805_19	29.0	457.0	21.0	0.0	8.0	0.0	0	2	100.0	0.0	88.89	0.0	70.73
142805_5	35.0	418.0	21.0	0.0	9.0	5.0	0	3	100.0	0.0	100.0	62.5	85.37
142805_7	37.0	662.0	19.0	1.0	9.0	8.0	0	4	90.48	50.0	100.0	100.0	90.24
142805_9	40.0	671.0	21.0	2.0	9.0	8.0	0	4	100.0	100.0	100.0	100.0	97.56
14379_2	38.0	477.5263157894737	22.0	0.0	8.0	8.0	0	3	104.76	0.0	88.89	100.0	92.68
14379_3	40.0	480.4	22.0	2.0	8.0	8.0	0	4	104.76	100.0	88.89	100.0	97.56
14379_4	39.0	478.1794871794872	22.0	2.0	8.0	7.0	0	4	104.76	100.0	88.89	87.5	95.12
14379_6	22.0	477.1818181818182	11.0	0.0	4.0	7.0	0	3	52.38	0.0	44.44	87.5	53.66
14379_7	40.0	335.0	22.0	2.0	8.0	8.0	1	4	104.76	100.0	88.89	100.0	97.56
14510_1	27.0	558.7777777777778	15.0	2.0	2.0	8.0	1	4	71.43	100.0	22.22	100.0	65.85
14510_2	21.0	386.0	16.0	0.0	5.0	0.0	0	2	76.19	0.0	55.56	0.0	51.22
14510_3	21.0	389.0	16.0	0.0	5.0	0.0	0	2	76.19	0.0	55.56	0.0	51.22
14553_10	37.0	508.8918918918919	20.0	2.0	7.0	8.0	0	4	95.24	100.0	77.78	100.0	90.24
14855_10	28.0	389.0	19.0	0.0	7.0	2.0	0	3	90.48	0.0	77.78	25.0	68.29
14855_11	29.0	467.0	20.0	2.0	7.0	0.0	0	3	95.24	100.0	77.78	0.0	70.73
14855_12	27.0	462.0	20.0	2.0	5.0	0.0	0	3	95.24	100.0	55.56	0.0	65.85
14855_13	26.0	544.0	17.0	0.0	9.0	0.0	0	2	80.95	0.0	100.0	0.0	63.41
14855_18	20.0	393.0	17.0	0.0	3.0	0.0	0	2	80.95	0.0	33.33	0.0	48.78
14855_2	29.0	605.0	22.0	2.0	5.0	0.0	0	3	104.76	100.0	55.56	0.0	70.73
14855_4	34.0	385.0	22.0	2.0	9.0	1.0	0	4	104.76	100.0	100.0	12.5	82.93
14855_6	31.0	466.0	22.0	2.0	5.0	2.0	0	4	104.76	100.0	55.56	25.0	75.61
14855_7	31.0	463.0	22.0	2.0	5.0	2.0	0	4	104.76	100.0	55.56	25.0	75.61
14855_9	27.0	472.0	20.0	2.0	5.0	0.0	0	3	95.24	100.0	55.56	0.0	65.85
14897_2	27.0	309.0	19.0	0.0	3.0	5.0	0	3	90.48	0.0	33.33	62.5	65.85
14897_3	30.0	314.0	19.0	0.0	3.0	8.0	0	3	90.48	0.0	33.33	100.0	73.17
14897_5	30.0	311.0	19.0	2.0	4.0	5.0	0	4	90.48	100.0	44.44	62.5	73.17
14897_6	30.0	313.0	19.0	0.0	3.0	8.0	0	3	90.48	0.0	33.33	100.0	73.17
152865_1	25.0	688.0	17.0	2.0	6.0	0.0	0	3	80.95	100.0	66.67	0.0	60.98
152865_10	25.0	428.0	18.0	1.0	3.0	3.0	0	4	85.71	50.0	33.33	37.5	60.98
152865_12	31.0	467.0	20.0	2.0	7.0	2.0	0	4	95.24	100.0	77.78	25.0	75.61
152865_17	22.0	480.0	15.0	0.0	2.0	5.0	0	3	71.43	0.0	22.22	62.5	53.66
152865_19	23.0	522.0	14.0	0.0	9.0	0.0	0	2	66.67	0.0	100.0	0.0	56.1
152865_20	25.0	429.0	18.0	1.0	3.0	3.0	0	4	85.71	50.0	33.33	37.5	60.98
152865_3	32.0	686.0	22.0	2.0	8.0	0.0	0	3	104.76	100.0	88.89	0.0	78.05
152865_4	37.0	672.0	21.0	1.0	8.0	7.0	0	4	100.0	50.0	88.89	87.5	90.24
152865_5	25.0	432.0	18.0	1.0	3.0	3.0	0	4	85.71	50.0	33.33	37.5	60.98
152865_7	21.0	468.0	18.0	0.0	3.0	0.0	0	2	85.71	0.0	33.33	0.0	51.22
15344_1	28.0	439.0	9.0	2.0	9.0	8.0	0	4	42.86	100.0	100.0	100.0	68.29
15344_12	23.0	597.0	10.0	0.0	5.0	8.0	0	3	47.62	0.0	55.56	100.0	56.1
15344_2	38.0	383.0	21.0	2.0	7.0	8.0	0	4	100.0	100.0	77.78	100.0	92.68
15344_7	36.0	694.0	18.0	2.0	8.0	8.0	1	4	85.71	100.0	88.89	100.0	87.8
15344_8	30.0	551.0	15.0	2.0	5.0	8.0	1	4	71.43	100.0	55.56	100.0	73.17
15344_9	37.0	446.0	21.0	0.0	8.0	8.0	0	3	100.0	0.0	88.89	100.0	90.24
154593_12	35.0	660.0	16.0	2.0	9.0	8.0	0	4	76.19	100.0	100.0	100.0	85.37
154593_4	27.0	380.0	16.0	2.0	9.0	0.0	0	3	76.19	100.0	100.0	0.0	65.85
154593_5	31.0	539.0	21.0	2.0	8.0	0.0	0	3	100.0	100.0	88.89	0.0	75.61
154593_6	33.0	374.0	22.0	2.0	9.0	0.0	0	3	104.76	100.0	100.0	0.0	80.49
154593_7	32.0	401.0	21.0	2.0	9.0	0.0	0	3	100.0	100.0	100.0	0.0	78.05
154593_8	32.0	400.0	21.0	2.0	9.0	0.0	0	3	100.0	100.0	100.0	0.0	78.05
154593_9	32.0	490.0	21.0	2.0	9.0	0.0	0	3	100.0	100.0	100.0	0.0	78.05
15735_2	29.0	320.0	13.0	0.0	9.0	7.0	0	3	61.9	0.0	100.0	87.5	70.73
15735_6	35.0	333.0	19.0	0.0	9.0	7.0	0	3	90.48	0.0	100.0	87.5	85.37
162149_13	30.0	535.6	19.0	0.0	9.0	2.0	0	3	90.48	0.0	100.0	25.0	73.17
162149_18	26.0	599.0	17.0	0.0	9.0	0.0	0	2	80.95	0.0	100.0	0.0	63.41
162149_3	27.0	550.1111111111111	22.0	0.0	0.0	5.0	0	2	104.76	0.0	0.0	62.5	65.85
162149_6	33.0	597.2727272727273	17.0	0.0	9.0	7.0	0	3	80.95	0.0	100.0	87.5	80.49
16301_1	27.0	326.0	19.0	0.0	5.0	3.0	0	3	90.48	0.0	55.56	37.5	65.85
16301_10	22.0	373.0	11.0	2.0	9.0	0.0	0	3	52.38	100.0	100.0	0.0	53.66
16301_12	27.0	378.0	16.0	2.0	9.0	0.0	0	3	76.19	100.0	100.0	0.0	65.85
16301_4	24.0	340.0	22.0	0.0	0.0	2.0	0	2	104.76	0.0	0.0	25.0	58.54
16301_6	24.0	326.0	22.0	0.0	2.0	0.0	0	2	104.76	0.0	22.22	0.0	58.54
16301_7	30.0	337.0	22.0	0.0	2.0	6.0	0	3	104.76	0.0	22.22	75.0	73.17
16301_8	22.0	335.0	22.0	0.0	0.0	0.0	0	1	104.76	0.0	0.0	0.0	53.66
167303_1	37.0	673.0	22.0	0.0	7.0	8.0	0	3	104.76	0.0	77.78	100.0	90.24
167303_10	37.0	668.0	22.0	0.0	7.0	8.0	0	3	104.76	0.0	77.78	100.0	90.24
167303_13	39.0	618.0	22.0	2.0	9.0	6.0	0	4	104.76	100.0	100.0	75.0	95.12
167303_5	33.0	607.0	22.0	2.0	3.0	6.0	0	4	104.76	100.0	33.33	75.0	80.49
167303_7	30.0	606.0	22.0	0.0	0.0	8.0	0	2	104.76	0.0	0.0	100.0	73.17
16819_11	35.0	567.0	22.0	1.0	7.0	5.0	0	4	104.76	50.0	77.78	62.5	85.37
16819_13	29.0	469.0	19.0	0.0	7.0	3.0	0	3	90.48	0.0	77.78	37.5	70.73
16819_5	28.0	605.0	20.0	0.0	8.0	0.0	0	2	95.24	0.0	88.89	0.0	68.29
16819_7	27.0	590.0	21.0	0.0	6.0	0.0	0	2	100.0	0.0	66.67	0.0	65.85
16819_8	31.0	564.0	22.0	0.0	7.0	2.0	0	3	104.76	0.0	77.78	25.0	75.61
16825_12	33.0	374.0	14.0	2.0	9.0	8.0	4	4	66.67	100.0	100.0	100.0	80.49
16825_13	23.0	380.0	4.0	2.0	9.0	8.0	0	4	19.05	100.0	100.0	100.0	56.1
16825_14	18.0	394.0	1.0	2.0	9.0	6.0	0	4	4.76	100.0	100.0	75.0	43.9
16825_15	23.0	384.0	4.0	2.0	9.0	8.0	0	4	19.05	100.0	100.0	100.0	56.1
16825_16	33.0	363.0	14.0	2.0	9.0	8.0	1	4	66.67	100.0	100.0	100.0	80.49
16825_3	20.0	385.0	8.0	1.0	9.0	2.0	0	4	38.1	50.0	100.0	25.0	48.78
16825_4	23.0	385.0	11.0	1.0	9.0	2.0	1	4	52.38	50.0	100.0	25.0	56.1
16825_6	33.0	372.0	14.0	2.0	9.0	8.0	4	4	66.67	100.0	100.0	100.0	80.49
16825_7	14.0	392.0	1.0	2.0	9.0	2.0	0	4	4.76	100.0	100.0	25.0	34.15
16825_9	36.0	358.0	17.0	2.0	9.0	8.0	2	4	80.95	100.0	100.0	100.0	87.8
16940_3	28.0	305.0	11.0	0.0	9.0	8.0	0	3	52.38	0.0	100.0	100.0	68.29
16940_6	25.0	326.0	9.0	0.0	9.0	7.0	0	3	42.86	0.0	100.0	87.5	60.98
16940_7	30.0	310.0	11.0	2.0	9.0	8.0	0	4	52.38	100.0	100.0	100.0	73.17
16986_15	15.0	521.0	15.0	0.0	0.0	0.0	0	1	71.43	0.0	0.0	0.0	36.59
16986_19	35.0	467.1714285714286	19.0	2.0	9.0	5.0	0	4	90.48	100.0	100.0	62.5	85.37
16986_3	40.0	454.15	22.0	2.0	8.0	8.0	0	4	104.76	100.0	88.89	100.0	97.56
16986_8	10.0	511.0	8.0	2.0	0.0	0.0	0	2	38.1	100.0	0.0	0.0	24.39
17952_2	33.0	358.3636363636364	20.0	0.0	8.0	5.0	0	3	95.24	0.0	88.89	62.5	80.49
18019_12	21.0	458.0	15.0	0.0	6.0	0.0	0	2	71.43	0.0	66.67	0.0	51.22
18019_4	29.0	613.7931034482758	18.0	1.0	8.0	2.0	0	4	85.71	50.0	88.89	25.0	70.73
18019_5	22.0	610.0	21.0	0.0	1.0	0.0	0	2	100.0	0.0	11.11	0.0	53.66
18019_6	27.0	612.0	21.0	0.0	6.0	0.0	0	2	100.0	0.0	66.67	0.0	65.85
18019_8	28.0	406.0	22.0	0.0	6.0	0.0	0	2	104.76	0.0	66.67	0.0	68.29
18538_5	32.0	504.53125	22.0	2.0	0.0	8.0	0	3	104.76	100.0	0.0	100.0	78.05
186019_1	26.0	380.0	12.0	2.0	5.0	7.0	0	4	57.14	100.0	55.56	87.5	63.41
186019_12	27.0	349.0	18.0	2.0	7.0	0.0	0	3	85.71	100.0	77.78	0.0	65.85
186019_3	19.0	444.0	15.0	0.0	4.0	0.0	0	2	71.43	0.0	44.44	0.0	46.34
186019_7	32.0	385.0	14.0	2.0	8.0	8.0	0	4	66.67	100.0	88.89	100.0	78.05
18686_2	38.0	359.2894736842105	21.0	0.0	9.0	8.0	0	3	100.0	0.0	100.0	100.0	92.68
19612_14	30.0	488.0	15.0	2.0	5.0	8.0	0	4	71.43	100.0	55.56	100.0	73.17
19612_17	24.0	585.0	14.0	0.0	5.0	5.0	0	3	66.67	0.0	55.56	62.5	58.54
19612_9	26.0	497.0	16.0	2.0	0.0	8.0	0	3	76.19	100.0	0.0	100.0	63.41
19_11	38.0	661.0	22.0	2.0	9.0	5.0	1	4	104.76	100.0	100.0	62.5	92.68
19_12	30.0	406.0	16.0	0.0	8.0	6.0	0	3	76.19	0.0	88.89	75.0	73.17
19_14	25.0	409.0	15.0	0.0	9.0	1.0	0	3	71.43	0.0	100.0	12.5	60.98
19_15	31.0	337.03225806451616	22.0	0.0	9.0	0.0	0	2	104.76	0.0	100.0	0.0	75.61
19_16	24.0	546.625	16.0	0.0	8.0	0.0	0	2	76.19	0.0	88.89	0.0	58.54
19_17	26.0	511.03846153846155	9.0	0.0	9.0	8.0	0	3	42.86	0.0	100.0	100.0	63.41
19_18	33.0	538.0	22.0	2.0	9.0	0.0	0	3	104.76	100.0	100.0	0.0	80.49
19_6	40.0	335.275	22.0	2.0	9.0	7.0	0	4	104.76	100.0	100.0	87.5	97.56
19_8	30.0	344.7	21.0	2.0	7.0	0.0	0	3	100.0	100.0	77.78	0.0	73.17
20371_1	34.0	437.0	18.0	2.0	6.0	8.0	0	4	85.71	100.0	66.67	100.0	82.93
20371_16	37.0	632.8378378378378	18.0	2.0	9.0	8.0	0	4	85.71	100.0	100.0	100.0	90.24
20371_18	30.0	467.7	21.0	0.0	1.0	8.0	0	3	100.0	0.0	11.11	100.0	73.17
20371_4	41.0	583.8536585365854	22.0	2.0	9.0	8.0	0	4	104.76	100.0	100.0	100.0	100.0
20371_7	41.0	553.0	22.0	2.0	9.0	8.0	0	4	104.76	100.0	100.0	100.0	100.0
20407_3	17.0	327.0	14.0	0.0	2.0	1.0	0	3	66.67	0.0	22.22	12.5	41.46
20407_6	22.0	336.0	13.0	0.0	2.0	7.0	0	3	61.9	0.0	22.22	87.5	53.66
20796_13	22.0	594.7727272727273	12.0	0.0	7.0	3.0	0	3	57.14	0.0	77.78	37.5	53.66
20796_5	17.0	579.2941176470588	12.0	0.0	5.0	0.0	0	2	57.14	0.0	55.56	0.0	41.46
20827_1	12.0	421.0	7.0	0.0	5.0	0.0	0	2	33.33	0.0	55.56	0.0	29.27
20827_10	37.0	387.0	20.0	0.0	9.0	8.0	1	3	95.24	0.0	100.0	100.0	90.24
20827_12	26.0	413.0	19.0	0.0	5.0	2.0	0	3	90.48	0.0	55.56	25.0	63.41
20827_13	11.0	579.0	11.0	0.0	0.0	0.0	0	1	52.38	0.0	0.0	0.0	26.83
20827_16	30.0	308.0	21.0	0.0	9.0	0.0	0	2	100.0	0.0	100.0	0.0	73.17
20827_18	20.0	423.0	7.0	0.0	5.0	8.0	0	3	33.33	0.0	55.56	100.0	48.78
20827_2	36.0	400.0	19.0	0.0	9.0	8.0	1	3	90.48	0.0	100.0	100.0	87.8
20827_3	22.0	407.0	19.0	0.0	0.0	3.0	0	2	90.48	0.0	0.0	37.5	53.66
20827_4	8.0	435.0	8.0	0.0	0.0	0.0	0	1	38.1	0.0	0.0	0.0	19.51
20827_6	8.0	442.0	8.0	0.0	0.0	0.0	0	1	38.1	0.0	0.0	0.0	19.51
20827_7	11.0	430.0	8.0	0.0	0.0	3.0	0	2	38.1	0.0	0.0	37.5	26.83
20827_9	26.0	417.0	19.0	0.0	5.0	2.0	0	3	90.48	0.0	55.56	25.0	63.41
20906_1	27.0	321.0	17.0	0.0	7.0	3.0	0	3	80.95	0.0	77.78	37.5	65.85
20906_2	40.0	311.0	22.0	1.0	9.0	8.0	0	4	104.76	50.0	100.0	100.0	97.56
20906_3	33.0	302.0	21.0	0.0	9.0	3.0	0	3	100.0	0.0	100.0	37.5	80.49
20_10	41.0	533.0	22.0	2.0	9.0	8.0	0	4	104.76	100.0	100.0	100.0	100.0
20_13	37.0	514.0	19.0	2.0	9.0	7.0	1	4	90.48	100.0	100.0	87.5	90.24
20_14	37.0	512.0	19.0	2.0	9.0	7.0	0	4	90.48	100.0	100.0	87.5	90.24
20_15	41.0	460.0	22.0	2.0	9.0	8.0	0	4	104.76	100.0	100.0	100.0	100.0
20_19	37.0	476.0	19.0	2.0	9.0	7.0	2	4	90.48	100.0	100.0	87.5	90.24
20_2	28.0	405.0	21.0	2.0	4.0	1.0	0	4	100.0	100.0	44.44	12.5	68.29
20_4	29.0	351.0	21.0	0.0	7.0	1.0	0	3	100.0	0.0	77.78	12.5	70.73
20_6	29.0	368.0	21.0	0.0	7.0	1.0	0	3	100.0	0.0	77.78	12.5	70.73
20_8	40.0	347.0	21.0	2.0	9.0	8.0	0	4	100.0	100.0	100.0	100.0	97.56
20_9	23.0	371.0	15.0	0.0	7.0	1.0	0	3	71.43	0.0	77.78	12.5	56.1
21141_3	35.0	301.0	20.0	0.0	7.0	8.0	0	3	95.24	0.0	77.78	100.0	85.37
21216_1	19.0	381.0	5.0	0.0	6.0	8.0	0	3	23.81	0.0	66.67	100.0	46.34
21216_3	8.0	417.0	8.0	0.0	0.0	0.0	0	1	38.1	0.0	0.0	0.0	19.51
21216_4	7.0	319.0	3.0	0.0	0.0	4.0	0	2	14.29	0.0	0.0	50.0	17.07
21216_6	8.0	414.0	8.0	0.0	0.0	0.0	0	1	38.1	0.0	0.0	0.0	19.51
21391_1	16.0	312.5625	16.0	0.0	0.0	0.0	0	1	76.19	0.0	0.0	0.0	39.02
21494_2	29.0	349.2068965517241	18.0	2.0	9.0	0.0	0	3	85.71	100.0	100.0	0.0	70.73
21494_3	24.0	344.0	11.0	0.0	9.0	4.0	0	3	52.38	0.0	100.0	50.0	58.54
21494_4	17.0	325.0	8.0	0.0	9.0	0.0	0	2	38.1	0.0	100.0	0.0	41.46
21494_5	22.0	614.2727272727273	11.0	2.0	9.0	0.0	0	3	52.38	100.0	100.0	0.0	53.66
21494_6	29.0	353.2068965517241	18.0	2.0	9.0	0.0	0	3	85.71	100.0	100.0	0.0	70.73
21494_7	18.0	640.1666666666666	8.0	1.0	9.0	0.0	0	3	38.1	50.0	100.0	0.0	43.9
21589_1	23.0	402.39130434782606	15.0	0.0	0.0	8.0	0	2	71.43	0.0	0.0	100.0	56.1
21589_11	17.0	421.52941176470586	14.0	2.0	1.0	0.0	0	3	66.67	100.0	11.11	0.0	41.46
21589_12	18.0	424.5	15.0	2.0	1.0	0.0	0	3	71.43	100.0	11.11	0.0	43.9
21589_13	31.0	322.2903225806452	17.0	2.0	4.0	8.0	0	4	80.95	100.0	44.44	100.0	75.61
21589_2	19.0	400.4736842105263	11.0	0.0	0.0	8.0	0	2	52.38	0.0	0.0	100.0	46.34
21764_1	31.0	319.96774193548384	15.0	2.0	7.0	7.0	0	4	71.43	100.0	77.78	87.5	75.61
218662_1	28.0	511.89285714285717	20.0	0.0	5.0	3.0	0	3	95.24	0.0	55.56	37.5	68.29
218662_2	28.0	511.89285714285717	20.0	0.0	5.0	3.0	0	3	95.24	0.0	55.56	37.5	68.29
22190_1	11.0	483.0	11.0	0.0	0.0	0.0	0	1	52.38	0.0	0.0	0.0	26.83
22190_4	12.0	490.0	12.0	0.0	0.0	0.0	0	1	57.14	0.0	0.0	0.0	29.27
22190_5	14.0	552.0	14.0	0.0	0.0	0.0	0	1	66.67	0.0	0.0	0.0	34.15
22190_6	20.0	443.0	20.0	0.0	0.0	0.0	0	1	95.24	0.0	0.0	0.0	48.78
22190_7	23.0	647.9565217391304	16.0	2.0	5.0	0.0	0	3	76.19	100.0	55.56	0.0	56.1
222156_1	10.0	391.0	10.0	0.0	0.0	0.0	0	1	47.62	0.0	0.0	0.0	24.39
222156_10	7.0	444.0	7.0	0.0	0.0	0.0	0	1	33.33	0.0	0.0	0.0	17.07
222156_13	15.0	421.4	13.0	2.0	0.0	0.0	0	2	61.9	100.0	0.0	0.0	36.59
222156_14	17.0	397.29411764705884	15.0	0.0	2.0	0.0	0	2	71.43	0.0	22.22	0.0	41.46
222156_15	13.0	378.0769230769231	11.0	0.0	2.0	0.0	0	2	52.38	0.0	22.22	0.0	31.71
222156_16	17.0	394.29411764705884	15.0	0.0	2.0	0.0	0	2	71.43	0.0	22.22	0.0	41.46
222156_3	11.0	484.0	11.0	0.0	0.0	0.0	0	1	52.38	0.0	0.0	0.0	26.83
222156_4	15.0	390.2	13.0	0.0	2.0	0.0	0	2	61.9	0.0	22.22	0.0	36.59
222156_5	17.0	647.2941176470588	15.0	0.0	2.0	0.0	0	2	71.43	0.0	22.22	0.0	41.46
222156_8	36.0	306.0	22.0	0.0	7.0	7.0	0	3	104.76	0.0	77.78	87.5	87.8
23018_11	34.0	310.0	22.0	2.0	2.0	8.0	1	4	104.76	100.0	22.22	100.0	82.93
23018_18	41.0	620.0	22.0	2.0	9.0	8.0	1	4	104.76	100.0	100.0	100.0	100.0
23018_4	34.0	326.0	22.0	2.0	2.0	8.0	0	4	104.76	100.0	22.22	100.0	82.93
234100_1	30.0	429.0	22.0	0.0	5.0	3.0	0	3	104.76	0.0	55.56	37.5	73.17
234100_3	29.0	433.0	22.0	0.0	5.0	2.0	0	3	104.76	0.0	55.56	25.0	70.73
236_1	30.0	572.0	18.0	2.0	5.0	5.0	0	4	85.71	100.0	55.56	62.5	73.17
236_11	36.0	495.9166666666667	20.0	2.0	6.0	8.0	0	4	95.24	100.0	66.67	100.0	87.8
236_2	35.0	331.0	19.0	2.0	6.0	8.0	0	4	90.48	100.0	66.67	100.0	85.37
236_3	36.0	495.9166666666667	20.0	2.0	6.0	8.0	0	4	95.24	100.0	66.67	100.0	87.8
236_4	24.0	443.7916666666667	11.0	2.0	6.0	5.0	0	4	52.38	100.0	66.67	62.5	58.54
236_6	21.0	453.0	12.0	2.0	0.0	7.0	0	3	57.14	100.0	0.0	87.5	51.22
236_8	36.0	340.0	19.0	2.0	7.0	8.0	0	4	90.48	100.0	77.78	100.0	87.8
236_9	36.0	342.0	19.0	2.0	7.0	8.0	1	4	90.48	100.0	77.78	100.0	87.8
238649_11	24.0	519.0	11.0	2.0	9.0	2.0	0	4	52.38	100.0	100.0	25.0	58.54
238649_12	25.0	331.0	14.0	0.0	9.0	2.0	0	3	66.67	0.0	100.0	25.0	60.98
238649_13	24.0	335.0	13.0	0.0	9.0	2.0	0	3	61.9	0.0	100.0	25.0	58.54
238649_14	24.0	516.0	11.0	2.0	9.0	2.0	0	4	52.38	100.0	100.0	25.0	58.54
238649_16	24.0	518.0	11.0	2.0	9.0	2.0	0	4	52.38	100.0	100.0	25.0	58.54
238649_17	34.0	518.0	21.0	2.0	9.0	2.0	0	4	100.0	100.0	100.0	25.0	82.93
238649_19	21.0	471.0	12.0	2.0	4.0	3.0	0	4	57.14	100.0	44.44	37.5	51.22
238649_2	40.0	322.0	21.0	2.0	9.0	8.0	0	4	100.0	100.0	100.0	100.0	97.56
238649_4	38.0	593.0	20.0	2.0	9.0	7.0	0	4	95.24	100.0	100.0	87.5	92.68
238649_5	15.0	468.0	9.0	0.0	4.0	2.0	0	3	42.86	0.0	44.44	25.0	36.59
238649_7	31.0	481.0	18.0	2.0	9.0	2.0	0	4	85.71	100.0	100.0	25.0	75.61
238649_9	31.0	489.0	18.0	2.0	9.0	2.0	0	4	85.71	100.0	100.0	25.0	75.61
24289_1	24.0	355.0	18.0	2.0	2.0	2.0	0	4	85.71	100.0	22.22	25.0	58.54
24289_12	41.0	306.0	22.0	2.0	9.0	8.0	2	4	104.76	100.0	100.0	100.0	100.0
24289_13	41.0	448.0	22.0	2.0	9.0	8.0	1	4	104.76	100.0	100.0	100.0	100.0
24289_15	36.0	491.0	17.0	2.0	9.0	8.0	0	4	80.95	100.0	100.0	100.0	87.8
24289_20	32.0	337.0	21.0	2.0	9.0	0.0	0	3	100.0	100.0	100.0	0.0	78.05
24289_4	27.0	637.0	16.0	2.0	9.0	0.0	0	3	76.19	100.0	100.0	0.0	65.85
24289_5	25.0	393.2	20.0	0.0	5.0	0.0	0	2	95.24	0.0	55.56	0.0	60.98
24289_6	25.0	444.0	21.0	2.0	2.0	0.0	0	3	100.0	100.0	22.22	0.0	60.98
24289_9	17.0	421.29411764705884	17.0	0.0	0.0	0.0	0	1	80.95	0.0	0.0	0.0	41.46
24490_1	22.0	379.0	16.0	2.0	4.0	0.0	0	3	76.19	100.0	44.44	0.0	53.66
24490_2	33.0	383.0	19.0	2.0	4.0	8.0	0	4	90.48	100.0	44.44	100.0	80.49
24490_3	21.0	370.0	15.0	2.0	4.0	0.0	0	3	71.43	100.0	44.44	0.0	51.22
24490_4	24.0	379.0	18.0	2.0	4.0	0.0	0	3	85.71	100.0	44.44	0.0	58.54
24726_2	20.0	308.0	12.0	0.0	3.0	5.0	0	3	57.14	0.0	33.33	62.5	48.78
24726_6	23.0	488.0	18.0	0.0	5.0	0.0	0	2	85.71	0.0	55.56	0.0	56.1
24726_8	30.0	535.0	20.0	0.0	7.0	3.0	0	3	95.24	0.0	77.78	37.5	73.17
247690_1	36.0	365.0	21.0	0.0	7.0	8.0	0	3	100.0	0.0	77.78	100.0	87.8
247690_12	33.0	340.0	18.0	0.0	7.0	8.0	0	3	85.71	0.0	77.78	100.0	80.49
247690_2	35.0	553.0	20.0	0.0	7.0	8.0	0	3	95.24	0.0	77.78	100.0	85.37
247690_3	31.0	590.0	14.0	2.0	7.0	8.0	0	4	66.67	100.0	77.78	100.0	75.61
247690_4	35.0	552.0	20.0	0.0	7.0	8.0	0	3	95.24	0.0	77.78	100.0	85.37
247690_5	35.0	552.0	20.0	0.0	7.0	8.0	0	3	95.24	0.0	77.78	100.0	85.37
247690_6	33.0	591.0	14.0	2.0	9.0	8.0	0	4	66.67	100.0	100.0	100.0	80.49
247690_7	33.0	412.0	15.0	1.0	9.0	8.0	0	4	71.43	50.0	100.0	100.0	80.49
250225_1	27.0	440.6666666666667	14.0	1.0	7.0	5.0	0	4	66.67	50.0	77.78	62.5	65.85
250225_10	31.0	342.4516129032258	15.0	2.0	6.0	8.0	0	4	71.43	100.0	66.67	100.0	75.61
250225_11	26.0	381.61538461538464	16.0	2.0	8.0	0.0	0	3	76.19	100.0	88.89	0.0	63.41
250225_12	35.0	438.0571428571429	21.0	0.0	6.0	8.0	0	3	100.0	0.0	66.67	100.0	85.37
250225_13	20.0	346.95	13.0	0.0	7.0	0.0	0	2	61.9	0.0	77.78	0.0	48.78
250225_14	41.0	326.609756097561	22.0	2.0	9.0	8.0	0	4	104.76	100.0	100.0	100.0	100.0
250225_15	36.0	473.75	19.0	0.0	9.0	8.0	0	3	90.48	0.0	100.0	100.0	87.8
250225_3	22.0	437.3636363636364	14.0	1.0	7.0	0.0	0	3	66.67	50.0	77.78	0.0	53.66
250225_4	26.0	443.7307692307692	12.0	0.0	6.0	8.0	0	3	57.14	0.0	66.67	100.0	63.41
250225_5	35.0	427.0285714285714	19.0	0.0	8.0	8.0	0	3	90.48	0.0	88.89	100.0	85.37
250225_6	30.0	300.0	22.0	0.0	8.0	0.0	0	2	104.76	0.0	88.89	0.0	73.17
250225_7	31.0	342.4516129032258	15.0	2.0	6.0	8.0	0	4	71.43	100.0	66.67	100.0	75.61
250225_9	31.0	344.4516129032258	15.0	2.0	6.0	8.0	0	4	71.43	100.0	66.67	100.0	75.61
252_1	24.0	431.0	17.0	0.0	7.0	0.0	0	2	80.95	0.0	77.78	0.0	58.54
252_2	24.0	433.0	17.0	0.0	7.0	0.0	0	2	80.95	0.0	77.78	0.0	58.54
25479_1	41.0	495.0	22.0	2.0	9.0	8.0	0	4	104.76	100.0	100.0	100.0	100.0
25479_10	41.0	501.0	22.0	2.0	9.0	8.0	0	4	104.76	100.0	100.0	100.0	100.0
25479_11	39.0	527.0	22.0	0.0	9.0	8.0	0	3	104.76	0.0	100.0	100.0	95.12
25479_12	35.0	488.0	22.0	2.0	9.0	2.0	1	4	104.76	100.0	100.0	25.0	85.37
25479_14	33.0	480.0	22.0	2.0	9.0	0.0	1	3	104.76	100.0	100.0	0.0	80.49
25479_15	35.0	514.0	22.0	2.0	9.0	2.0	0	4	104.76	100.0	100.0	25.0	85.37
25479_17	39.0	317.0	22.0	0.0	9.0	8.0	0	3	104.76	0.0	100.0	100.0	95.12
25479_18	40.0	458.0	21.0	2.0	9.0	8.0	0	4	100.0	100.0	100.0	100.0	97.56
25479_19	13.0	361.0	13.0	0.0	0.0	0.0	0	1	61.9	0.0	0.0	0.0	31.71
25479_2	19.0	397.0	8.0	0.0	4.0	7.0	0	3	38.1	0.0	44.44	87.5	46.34
25479_3	22.0	344.0	12.0	0.0	8.0	2.0	0	3	57.14	0.0	88.89	25.0	53.66
25479_4	41.0	489.0	22.0	2.0	9.0	8.0	0	4	104.76	100.0	100.0	100.0	100.0
25479_6	35.0	481.0	22.0	2.0	9.0	2.0	1	4	104.76	100.0	100.0	25.0	85.37
25479_7	19.0	332.0	15.0	2.0	0.0	2.0	0	3	71.43	100.0	0.0	25.0	46.34
25479_8	16.0	431.0	8.0	0.0	4.0	4.0	0	3	38.1	0.0	44.44	50.0	39.02
25479_9	41.0	502.0	22.0	2.0	9.0	8.0	0	4	104.76	100.0	100.0	100.0	100.0
25504_10	36.0	498.1666666666667	18.0	1.0	9.0	8.0	0	4	85.71	50.0	100.0	100.0	87.8
25504_11	32.0	305.0	20.0	0.0	6.0	6.0	0	3	95.24	0.0	66.67	75.0	78.05
25504_12	30.0	304.1	12.0	1.0	9.0	8.0	0	4	57.14	50.0	100.0	100.0	73.17
25504_16	28.0	431.5	11.0	0.0	9.0	8.0	0	3	52.38	0.0	100.0	100.0	68.29
25504_19	37.0	516.1351351351351	20.0	0.0	9.0	8.0	0	3	95.24	0.0	100.0	100.0	90.24
25504_2	30.0	489.2	19.0	0.0	5.0	6.0	0	3	90.48	0.0	55.56	75.0	73.17
25504_3	30.0	491.2	19.0	0.0	5.0	6.0	0	3	90.48	0.0	55.56	75.0	73.17
25504_5	29.0	491.2413793103448	18.0	0.0	5.0	6.0	0	3	85.71	0.0	55.56	75.0	70.73
25504_6	31.0	543.7741935483871	20.0	0.0	9.0	2.0	0	3	95.24	0.0	100.0	25.0	75.61
25504_8	36.0	691.0	21.0	2.0	9.0	4.0	0	4	100.0	100.0	100.0	50.0	87.8
25920_11	17.0	321.0	15.0	0.0	0.0	2.0	0	2	71.43	0.0	0.0	25.0	41.46
25920_12	20.0	486.0	18.0	2.0	0.0	0.0	0	2	85.71	100.0	0.0	0.0	48.78
25920_13	21.0	614.6190476190476	15.0	2.0	2.0	2.0	0	4	71.43	100.0	22.22	25.0	51.22
25920_3	22.0	482.0	18.0	2.0	2.0	0.0	0	3	85.71	100.0	22.22	0.0	53.66
25920_4	20.0	484.0	18.0	2.0	0.0	0.0	0	2	85.71	100.0	0.0	0.0	48.78
25920_5	22.0	609.7727272727273	18.0	2.0	2.0	0.0	0	3	85.71	100.0	22.22	0.0	53.66
25920_8	22.0	502.95454545454544	20.0	0.0	2.0	0.0	0	2	95.24	0.0	22.22	0.0	53.66
25920_9	21.0	362.14285714285717	19.0	0.0	2.0	0.0	0	2	90.48	0.0	22.22	0.0	51.22
263210_1	16.0	379.0	14.0	0.0	2.0	0.0	0	2	66.67	0.0	22.22	0.0	39.02
263210_2	10.0	527.8	10.0	0.0	0.0	0.0	0	1	47.62	0.0	0.0	0.0	24.39
263210_4	10.0	529.8	10.0	0.0	0.0	0.0	0	1	47.62	0.0	0.0	0.0	24.39
263210_5	14.0	387.0	14.0	0.0	0.0	0.0	0	1	66.67	0.0	0.0	0.0	34.15
263210_6	10.0	527.8	10.0	0.0	0.0	0.0	0	1	47.62	0.0	0.0	0.0	24.39
263210_7	13.0	385.0	11.0	0.0	2.0	0.0	0	2	52.38	0.0	22.22	0.0	31.71
263210_8	10.0	522.8	10.0	0.0	0.0	0.0	0	1	47.62	0.0	0.0	0.0	24.39
26679_10	27.0	525.8888888888889	18.0	0.0	7.0	2.0	0	3	85.71	0.0	77.78	25.0	65.85
26679_13	29.0	519.8275862068965	20.0	0.0	7.0	2.0	0	3	95.24	0.0	77.78	25.0	70.73
26679_14	14.0	396.0	1.0	0.0	8.0	5.0	0	3	4.76	0.0	88.89	62.5	34.15
26679_18	14.0	325.0	6.0	0.0	1.0	7.0	0	3	28.57	0.0	11.11	87.5	34.15
26679_19	19.0	488.2631578947368	10.0	0.0	7.0	2.0	0	3	47.62	0.0	77.78	25.0	46.34
26679_4	29.0	475.2413793103448	18.0	0.0	8.0	3.0	0	3	85.71	0.0	88.89	37.5	70.73
26679_5	14.0	359.0	8.0	0.0	6.0	0.0	0	2	38.1	0.0	66.67	0.0	34.15
26679_6	30.0	512.8	19.0	0.0	9.0	2.0	0	3	90.48	0.0	100.0	25.0	73.17
26679_8	13.0	337.0	13.0	0.0	0.0	0.0	0	1	61.9	0.0	0.0	0.0	31.71
26679_9	18.0	327.0	18.0	0.0	0.0	0.0	0	1	85.71	0.0	0.0	0.0	43.9
26777_1	8.0	336.0	1.0	0.0	4.0	3.0	0	3	4.76	0.0	44.44	37.5	19.51
26777_2	14.0	334.0	7.0	0.0	4.0	3.0	0	3	33.33	0.0	44.44	37.5	34.15
271_1	22.0	597.6363636363636	11.0	0.0	9.0	2.0	0	3	52.38	0.0	100.0	25.0	53.66
27262_7	30.0	338.0	21.0	0.0	9.0	0.0	0	2	100.0	0.0	100.0	0.0	73.17
27380_10	26.0	307.0	17.0	1.0	1.0	7.0	0	4	80.95	50.0	11.11	87.5	63.41
27380_3	20.0	314.0	11.0	1.0	1.0	7.0	0	4	52.38	50.0	11.11	87.5	48.78
27380_6	20.0	314.0	11.0	1.0	1.0	7.0	1	4	52.38	50.0	11.11	87.5	48.78
27380_9	27.0	384.0	18.0	0.0	1.0	8.0	0	3	85.71	0.0	11.11	100.0	65.85
27446_1	6.0	339.0	6.0	0.0	0.0	0.0	0	1	28.57	0.0	0.0	0.0	14.63
27446_5	29.0	356.0	20.0	0.0	9.0	0.0	0	2	95.24	0.0	100.0	0.0	70.73
27446_6	28.0	353.0	20.0	0.0	8.0	0.0	0	2	95.24	0.0	88.89	0.0	68.29
27446_7	26.0	351.0	17.0	0.0	9.0	0.0	0	2	80.95	0.0	100.0	0.0	63.41
2802_11	31.0	611.0	15.0	0.0	8.0	8.0	0	3	71.43	0.0	88.89	100.0	75.61
2802_19	31.0	664.0	15.0	0.0	8.0	8.0	0	3	71.43	0.0	88.89	100.0	75.61
2802_2	39.0	653.0	22.0	0.0	9.0	8.0	0	3	104.76	0.0	100.0	100.0	95.12
2802_3	38.0	412.0	22.0	0.0	9.0	7.0	0	3	104.76	0.0	100.0	87.5	92.68
2802_5	38.0	413.0	22.0	0.0	9.0	7.0	0	3	104.76	0.0	100.0	87.5	92.68
2802_6	39.0	660.0	22.0	0.0	9.0	8.0	0	3	104.76	0.0	100.0	100.0	95.12
2802_8	38.0	689.0	22.0	0.0	9.0	7.0	0	3	104.76	0.0	100.0	87.5	92.68
28083_2	5.0	371.0	5.0	0.0	0.0	0.0	0	1	23.81	0.0	0.0	0.0	12.2
28083_4	8.0	375.0	5.0	2.0	0.0	1.0	0	3	23.81	100.0	0.0	12.5	19.51
281164_3	24.0	363.0	13.0	0.0	4.0	7.0	0	3	61.9	0.0	44.44	87.5	58.54
28729_2	34.0	328.0	16.0	2.0	8.0	8.0	0	4	76.19	100.0	88.89	100.0	82.93
28729_3	34.0	330.0	16.0	2.0	8.0	8.0	0	4	76.19	100.0	88.89	100.0	82.93
28729_4	35.0	340.0	17.0	2.0	9.0	7.0	0	4	80.95	100.0	100.0	87.5	85.37
28729_5	35.0	338.0	17.0	2.0	9.0	7.0	0	4	80.95	100.0	100.0	87.5	85.37
28729_8	27.0	456.3333333333333	17.0	0.0	9.0	1.0	0	3	80.95	0.0	100.0	12.5	65.85
28773_1	23.0	450.0	11.0	0.0	5.0	7.0	0	3	52.38	0.0	55.56	87.5	56.1
2922_1	21.0	370.85714285714283	12.0	0.0	5.0	4.0	0	3	57.14	0.0	55.56	50.0	51.22
2922_10	16.0	564.0	11.0	0.0	5.0	0.0	0	2	52.38	0.0	55.56	0.0	39.02
2922_11	17.0	560.0	12.0	0.0	5.0	0.0	0	2	57.14	0.0	55.56	0.0	41.46
2922_12	25.0	317.52	16.0	2.0	4.0	3.0	0	4	76.19	100.0	44.44	37.5	60.98
2922_13	12.0	362.0	3.0	2.0	1.0	6.0	0	4	14.29	100.0	11.11	75.0	29.27
2922_18	41.0	431.609756097561	22.0	2.0	9.0	8.0	0	4	104.76	100.0	100.0	100.0	100.0
2922_19	41.0	433.609756097561	22.0	2.0	9.0	8.0	0	4	104.76	100.0	100.0	100.0	100.0
2922_2	28.0	466.0	18.0	0.0	9.0	1.0	0	3	85.71	0.0	100.0	12.5	68.29
2922_20	41.0	429.609756097561	22.0	2.0	9.0	8.0	0	4	104.76	100.0	100.0	100.0	100.0
2922_3	25.0	512.28	20.0	0.0	4.0	1.0	0	3	95.24	0.0	44.44	12.5	60.98
2922_4	15.0	614.0	10.0	0.0	5.0	0.0	0	2	47.62	0.0	55.56	0.0	36.59
2922_5	21.0	334.85714285714283	12.0	0.0	5.0	4.0	0	3	57.14	0.0	55.56	50.0	51.22
2922_8	20.0	327.75	11.0	0.0	5.0	4.0	0	3	52.38	0.0	55.56	50.0	48.78
2922_9	28.0	468.0	18.0	0.0	9.0	1.0	0	3	85.71	0.0	100.0	12.5	68.29
292_18	36.0	418.0	22.0	0.0	9.0	5.0	0	3	104.76	0.0	100.0	62.5	87.8
292_3	30.0	614.0	22.0	0.0	0.0	8.0	0	2	104.76	0.0	0.0	100.0	73.17
29467_1	18.0	376.0	18.0	0.0	0.0	0.0	0	1	85.71	0.0	0.0	0.0	43.9
296050_1	15.0	592.0	14.0	0.0	0.0	1.0	0	2	66.67	0.0	0.0	12.5	36.59
296050_2	26.0	586.0	18.0	2.0	6.0	0.0	0	3	85.71	100.0	66.67	0.0	63.41
2996_1	36.0	367.75	20.0	0.0	9.0	7.0	0	3	95.24	0.0	100.0	87.5	87.8
2996_10	40.0	348.85	21.0	2.0	9.0	8.0	0	4	100.0	100.0	100.0	100.0	97.56
2996_11	36.0	418.75	20.0	0.0	9.0	7.0	0	3	95.24	0.0	100.0	87.5	87.8
2996_2	32.0	307.5625	20.0	0.0	5.0	7.0	0	3	95.24	0.0	55.56	87.5	78.05
2996_3	34.0	302.0	20.0	2.0	5.0	7.0	0	4	95.24	100.0	55.56	87.5	82.93
2996_4	34.0	359.0	20.0	2.0	5.0	7.0	0	4	95.24	100.0	55.56	87.5	82.93
2996_5	29.0	426.58620689655174	20.0	0.0	9.0	0.0	0	2	95.24	0.0	100.0	0.0	70.73
2996_6	36.0	418.75	20.0	0.0	9.0	7.0	0	3	95.24	0.0	100.0	87.5	87.8
2996_7	28.0	302.64285714285717	21.0	2.0	0.0	5.0	0	3	100.0	100.0	0.0	62.5	68.29
2996_8	38.0	305.3157894736842	21.0	0.0	9.0	8.0	0	3	100.0	0.0	100.0	100.0	92.68
2996_9	36.0	366.75	20.0	0.0	9.0	7.0	0	3	95.24	0.0	100.0	87.5	87.8
299955_13	36.0	601.1666666666666	20.0	2.0	6.0	8.0	0	4	95.24	100.0	66.67	100.0	87.8
299955_3	38.0	305.0	21.0	0.0	9.0	8.0	0	3	100.0	0.0	100.0	100.0	92.68
299955_7	36.0	305.0	17.0	2.0	9.0	8.0	0	4	80.95	100.0	100.0	100.0	87.8
299955_9	31.0	507.0	21.0	2.0	8.0	0.0	0	3	100.0	100.0	88.89	0.0	75.61
301_1	33.0	412.0	22.0	2.0	9.0	0.0	0	3	104.76	100.0	100.0	0.0	80.49
301_10	29.0	343.0	19.0	2.0	8.0	0.0	0	3	90.48	100.0	88.89	0.0	70.73
301_11	27.0	642.0	19.0	2.0	6.0	0.0	1	3	90.48	100.0	66.67	0.0	65.85
301_12	32.0	342.0	18.0	2.0	8.0	4.0	0	4	85.71	100.0	88.89	50.0	78.05
301_14	29.0	446.0	18.0	2.0	7.0	2.0	0	4	85.71	100.0	77.78	25.0	70.73
301_16	29.0	526.0	18.0	2.0	9.0	0.0	0	3	85.71	100.0	100.0	0.0	70.73
301_17	29.0	525.0	18.0	2.0	9.0	0.0	0	3	85.71	100.0	100.0	0.0	70.73
301_3	31.0	680.0	20.0	2.0	9.0	0.0	0	3	95.24	100.0	100.0	0.0	75.61
301_4	31.0	326.0	22.0	0.0	9.0	0.0	0	2	104.76	0.0	100.0	0.0	75.61
301_8	22.0	340.0	20.0	2.0	0.0	0.0	0	2	95.24	100.0	0.0	0.0	53.66
30523_15	34.0	304.0	20.0	0.0	6.0	8.0	0	3	95.24	0.0	66.67	100.0	82.93
30523_16	32.0	280.65625	21.0	0.0	4.0	7.0	0	3	100.0	0.0	44.44	87.5	78.05
30523_2	11.0	470.0	10.0	0.0	1.0	0.0	0	2	47.62	0.0	11.11	0.0	26.83
30523_3	12.0	470.75	11.0	0.0	1.0	0.0	0	2	52.38	0.0	11.11	0.0	29.27
30523_7	33.0	536.3636363636364	21.0	0.0	5.0	7.0	0	3	100.0	0.0	55.56	87.5	80.49
3059_12	24.0	527.0	16.0	2.0	6.0	0.0	0	3	76.19	100.0	66.67	0.0	58.54
3059_14	8.0	548.0	3.0	0.0	4.0	1.0	0	3	14.29	0.0	44.44	12.5	19.51
3059_17	22.0	386.40909090909093	14.0	0.0	2.0	6.0	0	3	66.67	0.0	22.22	75.0	53.66
3059_20	28.0	518.0	18.0	2.0	8.0	0.0	0	3	85.71	100.0	88.89	0.0	68.29
3059_5	19.0	692.0	18.0	0.0	0.0	1.0	0	2	85.71	0.0	0.0	12.5	46.34
30895_1	32.0	471.0	22.0	2.0	0.0	8.0	0	3	104.76	100.0	0.0	100.0	78.05
30895_10	41.0	471.0	22.0	2.0	9.0	8.0	0	4	104.76	100.0	100.0	100.0	100.0
30895_11	38.0	487.0	22.0	2.0	7.0	7.0	0	4	104.76	100.0	77.78	87.5	92.68
30895_13	37.0	662.0	22.0	0.0	9.0	6.0	0	3	104.76	0.0	100.0	75.0	90.24
30895_14	41.0	501.0	22.0	2.0	9.0	8.0	0	4	104.76	100.0	100.0	100.0	100.0
30895_15	37.0	382.0	22.0	0.0	9.0	6.0	0	3	104.76	0.0	100.0	75.0	90.24
30895_17	38.0	496.0	22.0	2.0	7.0	7.0	0	4	104.76	100.0	77.78	87.5	92.68
30895_2	35.0	484.0	22.0	2.0	7.0	4.0	0	4	104.76	100.0	77.78	50.0	85.37
30895_3	37.0	481.0	22.0	2.0	7.0	6.0	0	4	104.76	100.0	77.78	75.0	90.24
30895_4	37.0	480.0	22.0	2.0	7.0	6.0	0	4	104.76	100.0	77.78	75.0	90.24
30895_5	30.0	472.0	22.0	2.0	0.0	6.0	0	3	104.76	100.0	0.0	75.0	73.17
30895_6	41.0	479.0	22.0	2.0	9.0	8.0	0	4	104.76	100.0	100.0	100.0	100.0
30895_7	38.0	489.0	22.0	2.0	7.0	7.0	0	4	104.76	100.0	77.78	87.5	92.68
30895_8	38.0	504.0	22.0	2.0	7.0	7.0	0	4	104.76	100.0	77.78	87.5	92.68
30895_9	35.0	487.0	22.0	2.0	7.0	4.0	0	4	104.76	100.0	77.78	50.0	85.37
30951_7	25.0	359.0	17.0	0.0	0.0	8.0	0	2	80.95	0.0	0.0	100.0	60.98
31087_10	26.0	528.0	13.0	0.0	8.0	5.0	0	3	61.9	0.0	88.89	62.5	63.41
31087_11	28.0	629.0	18.0	0.0	7.0	3.0	0	3	85.71	0.0	77.78	37.5	68.29
31087_14	28.0	531.0	19.0	0.0	9.0	0.0	0	2	90.48	0.0	100.0	0.0	68.29
31087_16	26.0	520.0	21.0	0.0	0.0	5.0	0	2	100.0	0.0	0.0	62.5	63.41
31087_17	37.0	589.0	21.0	2.0	9.0	5.0	0	4	100.0	100.0	100.0	62.5	90.24
31087_19	29.0	529.0	20.0	0.0	9.0	0.0	0	2	95.24	0.0	100.0	0.0	70.73
31087_2	20.0	550.3	10.0	0.0	8.0	2.0	0	3	47.62	0.0	88.89	25.0	48.78
31087_4	35.0	442.48571428571427	22.0	2.0	9.0	2.0	0	4	104.76	100.0	100.0	25.0	85.37
314_10	20.0	563.0	20.0	0.0	0.0	0.0	0	1	95.24	0.0	0.0	0.0	48.78
314_11	12.0	609.0	10.0	0.0	1.0	1.0	0	3	47.62	0.0	11.11	12.5	29.27
314_12	24.0	687.0	14.0	0.0	4.0	6.0	0	3	66.67	0.0	44.44	75.0	58.54
314_14	27.0	487.0	19.0	0.0	8.0	0.0	0	2	90.48	0.0	88.89	0.0	65.85
314_16	23.0	677.0	15.0	0.0	1.0	7.0	0	3	71.43	0.0	11.11	87.5	56.1
314_17	29.0	412.0	18.0	1.0	2.0	8.0	1	4	85.71	50.0	22.22	100.0	70.73
314_4	25.0	309.0	10.0	1.0	7.0	7.0	0	4	47.62	50.0	77.78	87.5	60.98
314_6	19.0	520.0	5.0	0.0	9.0	5.0	0	3	23.81	0.0	100.0	62.5	46.34
314_8	19.0	436.0	5.0	0.0	9.0	5.0	0	3	23.81	0.0	100.0	62.5	46.34
3176_6	37.0	302.94594594594594	21.0	0.0	8.0	8.0	0	3	100.0	0.0	88.89	100.0	90.24
3210_1	31.0	615.0	18.0	0.0	9.0	4.0	0	3	85.71	0.0	100.0	50.0	75.61
3210_10	29.0	698.0	21.0	0.0	6.0	2.0	0	3	100.0	0.0	66.67	25.0	70.73
3210_13	31.0	374.0	21.0	0.0	5.0	5.0	0	3	100.0	0.0	55.56	62.5	75.61
3210_14	16.0	646.0	9.0	0.0	7.0	0.0	0	2	42.86	0.0	77.78	0.0	39.02
3210_17	19.0	648.0	9.0	0.0	7.0	3.0	0	3	42.86	0.0	77.78	37.5	46.34
3210_18	17.0	616.0	9.0	0.0	8.0	0.0	0	2	42.86	0.0	88.89	0.0	41.46
3210_2	26.0	341.0	15.0	1.0	6.0	4.0	1	4	71.43	50.0	66.67	50.0	63.41
3210_20	23.0	621.0	15.0	0.0	8.0	0.0	0	2	71.43	0.0	88.89	0.0	56.1
3210_3	34.0	433.0	21.0	1.0	8.0	4.0	2	4	100.0	50.0	88.89	50.0	82.93
3210_5	41.0	629.0	22.0	2.0	9.0	8.0	0	4	104.76	100.0	100.0	100.0	100.0
3210_7	29.0	516.0	18.0	0.0	7.0	4.0	0	3	85.71	0.0	77.78	50.0	70.73
3210_8	33.0	357.0	22.0	1.0	5.0	5.0	0	4	104.76	50.0	55.56	62.5	80.49
3215_1	25.0	419.0	20.0	2.0	2.0	1.0	0	4	95.24	100.0	22.22	12.5	60.98
3215_12	39.0	547.0	22.0	0.0	9.0	8.0	0	3	104.76	0.0	100.0	100.0	95.12
3215_14	32.0	472.9375	15.0	2.0	9.0	6.0	0	4	71.43	100.0	100.0	75.0	78.05
3215_15	32.0	338.0	15.0	0.0	9.0	8.0	0	3	71.43	0.0	100.0	100.0	78.05
3215_16	26.0	426.0	16.0	1.0	9.0	0.0	0	3	76.19	50.0	100.0	0.0	63.41
3215_7	25.0	306.0	16.0	0.0	9.0	0.0	0	2	76.19	0.0	100.0	0.0	60.98
3216_11	32.0	362.0	21.0	2.0	9.0	0.0	0	3	100.0	100.0	100.0	0.0	78.05
3216_4	29.0	383.0	18.0	2.0	9.0	0.0	0	3	85.71	100.0	100.0	0.0	70.73
3219_1	34.0	515.0	22.0	0.0	9.0	3.0	0	3	104.76	0.0	100.0	37.5	82.93
3219_11	29.0	516.0	22.0	2.0	5.0	0.0	0	3	104.76	100.0	55.56	0.0	70.73
3219_14	28.0	402.42857142857144	12.0	2.0	6.0	8.0	0	4	57.14	100.0	66.67	100.0	68.29
3219_19	20.0	312.5	15.0	0.0	5.0	0.0	0	2	71.43	0.0	55.56	0.0	48.78
3219_2	25.0	344.0	12.0	1.0	5.0	7.0	0	4	57.14	50.0	55.56	87.5	60.98
3219_20	32.0	399.375	16.0	2.0	6.0	8.0	0	4	76.19	100.0	66.67	100.0	78.05
3219_3	26.0	627.4615384615385	12.0	2.0	4.0	8.0	0	4	57.14	100.0	44.44	100.0	63.41
3219_4	36.0	415.3333333333333	18.0	2.0	8.0	8.0	0	4	85.71	100.0	88.89	100.0	87.8
3219_5	30.0	338.8666666666667	12.0	2.0	9.0	7.0	0	4	57.14	100.0	100.0	87.5	73.17
3219_6	32.0	619.375	16.0	2.0	6.0	8.0	2	4	76.19	100.0	66.67	100.0	78.05
3219_7	32.0	307.375	18.0	2.0	4.0	8.0	0	4	85.71	100.0	44.44	100.0	78.05
3219_9	20.0	390.0	11.0	0.0	9.0	0.0	0	2	52.38	0.0	100.0	0.0	48.78
328592_1	9.0	396.3333333333333	8.0	0.0	0.0	1.0	0	2	38.1	0.0	0.0	12.5	21.95
328592_11	12.0	482.5	8.0	2.0	0.0	2.0	0	3	38.1	100.0	0.0	25.0	29.27
328592_12	18.0	372.3333333333333	7.0	0.0	9.0	2.0	0	3	33.33	0.0	100.0	25.0	43.9
328592_13	12.0	368.0	11.0	0.0	0.0	1.0	0	2	52.38	0.0	0.0	12.5	29.27
328592_14	36.0	436.5833333333333	22.0	0.0	7.0	7.0	0	3	104.76	0.0	77.78	87.5	87.8
328592_16	18.0	362.3333333333333	7.0	0.0	9.0	2.0	0	3	33.33	0.0	100.0	25.0	43.9
328592_17	30.0	573.2	22.0	0.0	5.0	3.0	0	3	104.76	0.0	55.56	37.5	73.17
328592_18	18.0	436.3333333333333	7.0	0.0	3.0	8.0	0	3	33.33	0.0	33.33	100.0	43.9
328592_20	20.0	506.05	9.0	2.0	2.0	7.0	0	4	42.86	100.0	22.22	87.5	48.78
328592_5	35.0	557.4571428571429	22.0	0.0	5.0	8.0	0	3	104.76	0.0	55.56	100.0	85.37
328592_9	30.0	554.2	22.0	0.0	5.0	3.0	0	3	104.76	0.0	55.56	37.5	73.17
3299_1	24.0	319.0	15.0	0.0	2.0	7.0	0	3	71.43	0.0	22.22	87.5	58.54
3299_10	26.0	533.0	19.0	0.0	7.0	0.0	0	2	90.48	0.0	77.78	0.0	63.41
3299_2	25.0	353.0	11.0	2.0	9.0	3.0	0	4	52.38	100.0	100.0	37.5	60.98
3299_3	23.0	354.0	11.0	2.0	7.0	3.0	0	4	52.38	100.0	77.78	37.5	56.1
3299_4	29.0	429.0	19.0	0.0	9.0	1.0	0	3	90.48	0.0	100.0	12.5	70.73
3299_5	33.0	420.0	19.0	0.0	9.0	5.0	0	3	90.48	0.0	100.0	62.5	80.49
3299_7	30.0	505.0	18.0	2.0	7.0	3.0	0	4	85.71	100.0	77.78	37.5	73.17
3299_8	26.0	326.0	15.0	2.0	2.0	7.0	0	4	71.43	100.0	22.22	87.5	63.41
33333_4	21.0	486.0	16.0	0.0	2.0	3.0	0	3	76.19	0.0	22.22	37.5	51.22
33333_5	21.0	490.0	16.0	0.0	2.0	3.0	0	3	76.19	0.0	22.22	37.5	51.22
33333_7	26.0	509.0	21.0	0.0	0.0	5.0	0	2	100.0	0.0	0.0	62.5	63.41
3340_1	24.0	341.75	10.0	2.0	7.0	5.0	0	4	47.62	100.0	77.78	62.5	58.54
3340_10	18.0	377.6666666666667	9.0	2.0	5.0	2.0	0	4	42.86	100.0	55.56	25.0	43.9
3340_11	5.0	342.8	4.0	0.0	1.0	0.0	0	2	19.05	0.0	11.11	0.0	12.2
3340_2	16.0	378.625	9.0	2.0	5.0	0.0	0	3	42.86	100.0	55.56	0.0	39.02
3340_3	24.0	339.75	10.0	2.0	7.0	5.0	0	4	47.62	100.0	77.78	62.5	58.54
3340_4	13.0	387.0	12.0	0.0	1.0	0.0	0	2	57.14	0.0	11.11	0.0	31.71
3340_5	31.0	379.0	19.0	2.0	5.0	5.0	0	4	90.48	100.0	55.56	62.5	75.61
3340_6	25.0	377.88	16.0	2.0	5.0	2.0	0	4	76.19	100.0	55.56	25.0	60.98
3340_7	13.0	329.53846153846155	12.0	0.0	1.0	0.0	0	2	57.14	0.0	11.11	0.0	31.71
3340_8	5.0	329.8	4.0	0.0	1.0	0.0	0	2	19.05	0.0	11.11	0.0	12.2
3340_9	20.0	329.3	8.0	2.0	5.0	5.0	0	4	38.1	100.0	55.56	62.5	48.78
3350_1	38.0	463.0	22.0	1.0	8.0	7.0	1	4	104.76	50.0	88.89	87.5	92.68
3350_11	17.0	510.0	16.0	0.0	1.0	0.0	0	2	76.19	0.0	11.11	0.0	41.46
3350_13	19.0	679.0	9.0	0.0	6.0	4.0	0	3	42.86	0.0	66.67	50.0	46.34
3350_15	16.0	600.0	14.0	0.0	2.0	0.0	0	2	66.67	0.0	22.22	0.0	39.02
3350_18	20.0	680.0	9.0	0.0	7.0	4.0	0	3	42.86	0.0	77.78	50.0	48.78
3350_19	23.0	675.0	12.0	0.0	7.0	4.0	0	3	57.14	0.0	77.78	50.0	56.1
3350_3	21.0	371.2857142857143	11.0	2.0	0.0	8.0	0	3	52.38	100.0	0.0	100.0	51.22
3350_4	21.0	585.0	16.0	0.0	5.0	0.0	0	2	76.19	0.0	55.56	0.0	51.22
339_1	14.0	510.0	11.0	0.0	2.0	1.0	1	3	52.38	0.0	22.22	12.5	34.15
339_10	29.0	403.0	18.0	0.0	9.0	2.0	1	3	85.71	0.0	100.0	25.0	70.73
339_3	33.0	637.0	22.0	0.0	4.0	7.0	0	3	104.76	0.0	44.44	87.5	80.49
339_4	29.0	637.0	22.0	0.0	2.0	5.0	0	3	104.76	0.0	22.22	62.5	70.73
339_5	25.0	507.0	18.0	0.0	2.0	5.0	1	3	85.71	0.0	22.22	62.5	60.98
339_6	29.0	500.0	18.0	2.0	4.0	5.0	1	4	85.71	100.0	44.44	62.5	70.73
339_8	14.0	515.0	7.0	0.0	2.0	5.0	0	3	33.33	0.0	22.22	62.5	34.15
339_9	13.0	412.0	6.0	0.0	7.0	0.0	0	2	28.57	0.0	77.78	0.0	31.71
34087_1	20.0	394.0	15.0	0.0	5.0	0.0	0	2	71.43	0.0	55.56	0.0	48.78
34087_10	34.0	308.0	19.0	2.0	5.0	8.0	0	4	90.48	100.0	55.56	100.0	82.93
34087_2	22.0	549.0	13.0	0.0	3.0	6.0	0	3	61.9	0.0	33.33	75.0	53.66
34087_3	34.0	403.0	18.0	1.0	9.0	6.0	0	4	85.71	50.0	100.0	75.0	82.93
34087_4	23.0	329.0	12.0	2.0	9.0	0.0	0	3	57.14	100.0	100.0	0.0	56.1
34087_5	23.0	329.0	12.0	2.0	9.0	0.0	0	3	57.14	100.0	100.0	0.0	56.1
34087_6	31.0	627.0	19.0	2.0	5.0	5.0	0	4	90.48	100.0	55.56	62.5	75.61
34087_8	29.0	311.0	10.0	2.0	9.0	8.0	0	4	47.62	100.0	100.0	100.0	70.73
34087_9	35.0	386.0	18.0	2.0	9.0	6.0	0	4	85.71	100.0	100.0	75.0	85.37
3421_1	20.0	480.0	16.0	2.0	2.0	0.0	1	3	76.19	100.0	22.22	0.0	48.78
3421_10	34.0	333.0	19.0	0.0	9.0	6.0	0	3	90.48	0.0	100.0	75.0	82.93
3421_11	32.0	470.0	18.0	2.0	4.0	8.0	1	4	85.71	100.0	44.44	100.0	78.05
3421_16	37.0	403.0	19.0	2.0	8.0	8.0	1	4	90.48	100.0	88.89	100.0	90.24
3421_17	37.0	440.0	18.0	2.0	9.0	8.0	2	4	85.71	100.0	100.0	100.0	90.24
3421_2	25.0	489.0	17.0	0.0	0.0	8.0	1	2	80.95	0.0	0.0	100.0	60.98
3421_20	30.0	435.0	15.0	2.0	8.0	5.0	1	4	71.43	100.0	88.89	62.5	73.17
3421_4	15.0	486.0	15.0	0.0	0.0	0.0	1	1	71.43	0.0	0.0	0.0	36.59
3421_5	25.0	487.0	17.0	0.0	0.0	8.0	1	2	80.95	0.0	0.0	100.0	60.98
3421_6	24.0	335.0	17.0	0.0	7.0	0.0	0	2	80.95	0.0	77.78	0.0	58.54
3421_7	34.0	328.0	19.0	0.0	9.0	6.0	0	3	90.48	0.0	100.0	75.0	82.93
3421_9	38.0	473.0	22.0	2.0	6.0	8.0	1	4	104.76	100.0	66.67	100.0	92.68
34764_1	13.0	575.0	9.0	0.0	4.0	0.0	0	2	42.86	0.0	44.44	0.0	31.71
3480_1	31.0	380.0	14.0	0.0	9.0	8.0	0	3	66.67	0.0	100.0	100.0	75.61
3482_1	21.0	557.0	18.0	0.0	2.0	1.0	0	3	85.71	0.0	22.22	12.5	51.22
3482_10	11.0	654.0	11.0	0.0	0.0	0.0	0	1	52.38	0.0	0.0	0.0	26.83
3482_12	8.0	667.0	8.0	0.0	0.0	0.0	0	1	38.1	0.0	0.0	0.0	19.51
3482_15	25.0	694.0	20.0	1.0	4.0	0.0	0	3	95.24	50.0	44.44	0.0	60.98
3482_16	23.0	643.0	14.0	0.0	9.0	0.0	0	2	66.67	0.0	100.0	0.0	56.1
3482_17	19.0	381.0	15.0	2.0	1.0	1.0	0	4	71.43	100.0	11.11	12.5	46.34
3482_19	18.0	403.0	15.0	2.0	1.0	0.0	0	3	71.43	100.0	11.11	0.0	43.9
3482_2	18.0	372.0	18.0	0.0	0.0	0.0	0	1	85.71	0.0	0.0	0.0	43.9
3482_3	33.0	623.0	19.0	0.0	7.0	7.0	0	3	90.48	0.0	77.78	87.5	80.49
3482_4	21.0	560.0	18.0	0.0	2.0	1.0	0	3	85.71	0.0	22.22	12.5	51.22
3482_5	27.0	396.0	18.0	0.0	9.0	0.0	0	2	85.71	0.0	100.0	0.0	65.85
3482_7	22.0	360.0	17.0	0.0	4.0	1.0	0	3	80.95	0.0	44.44	12.5	53.66
3510_14	39.0	379.0	22.0	2.0	9.0	6.0	0	4	104.76	100.0	100.0	75.0	95.12
3510_3	36.0	387.0	19.0	2.0	8.0	7.0	0	4	90.48	100.0	88.89	87.5	87.8
3510_4	38.0	336.0	22.0	0.0	9.0	7.0	2	3	104.76	0.0	100.0	87.5	92.68
3510_5	35.0	301.0	18.0	2.0	8.0	7.0	0	4	85.71	100.0	88.89	87.5	85.37
3510_9	28.0	586.0	18.0	2.0	8.0	0.0	0	3	85.71	100.0	88.89	0.0	68.29
35211_10	30.0	344.0	16.0	0.0	8.0	6.0	0	3	76.19	0.0	88.89	75.0	73.17
35211_11	22.0	667.0	10.0	0.0	7.0	5.0	0	3	47.62	0.0	77.78	62.5	53.66
35211_17	15.0	339.0	2.0	0.0	9.0	4.0	0	3	9.52	0.0	100.0	50.0	36.59
35211_7	24.0	358.0	9.0	0.0	9.0	6.0	0	3	42.86	0.0	100.0	75.0	58.54
35211_8	24.0	553.5	10.0	0.0	8.0	6.0	0	3	47.62	0.0	88.89	75.0	58.54
352_1	13.0	317.0	6.0	0.0	7.0	0.0	0	2	28.57	0.0	77.78	0.0	31.71
352_3	18.0	318.0	9.0	2.0	7.0	0.0	0	3	42.86	100.0	77.78	0.0	43.9
352_5	24.0	318.0	15.0	2.0	7.0	0.0	0	3	71.43	100.0	77.78	0.0	58.54
35402_1	8.0	347.0	8.0	0.0	0.0	0.0	0	1	38.1	0.0	0.0	0.0	19.51
357121_11	35.0	471.0	18.0	0.0	9.0	8.0	0	3	85.71	0.0	100.0	100.0	85.37
357121_12	18.0	341.0	18.0	0.0	0.0	0.0	0	1	85.71	0.0	0.0	0.0	43.9
357121_14	35.0	560.0	18.0	0.0	9.0	8.0	0	3	85.71	0.0	100.0	100.0	85.37
357121_15	36.0	450.0	22.0	0.0	9.0	5.0	0	3	104.76	0.0	100.0	62.5	87.8
357121_16	39.0	451.0	22.0	0.0	9.0	8.0	0	3	104.76	0.0	100.0	100.0	95.12
357121_17	31.0	613.0	18.0	0.0	5.0	8.0	0	3	85.71	0.0	55.56	100.0	75.61
357121_18	34.0	440.0	19.0	0.0	7.0	8.0	0	3	90.48	0.0	77.78	100.0	82.93
357121_19	34.0	466.0	17.0	0.0	9.0	8.0	0	3	80.95	0.0	100.0	100.0	82.93
357121_3	27.0	460.0	18.0	2.0	4.0	3.0	0	4	85.71	100.0	44.44	37.5	65.85
357121_9	22.0	474.0	18.0	0.0	1.0	3.0	0	3	85.71	0.0	11.11	37.5	53.66
3584_1	31.0	317.0	18.0	2.0	4.0	7.0	0	4	85.71	100.0	44.44	87.5	75.61
3584_11	22.0	668.9545454545455	15.0	1.0	0.0	6.0	0	3	71.43	50.0	0.0	75.0	53.66
3584_15	35.0	552.7714285714286	22.0	2.0	4.0	7.0	0	4	104.76	100.0	44.44	87.5	85.37
3584_9	32.0	317.0	18.0	2.0	4.0	8.0	0	4	85.71	100.0	44.44	100.0	78.05
3588_1	28.0	470.0	22.0	0.0	6.0	0.0	0	2	104.76	0.0	66.67	0.0	68.29
3588_10	36.0	616.0	21.0	0.0	7.0	8.0	0	3	100.0	0.0	77.78	100.0	87.8
3588_11	25.0	420.0	14.0	0.0	5.0	6.0	0	3	66.67	0.0	55.56	75.0	60.98
3588_12	31.0	313.0	22.0	0.0	7.0	2.0	0	3	104.76	0.0	77.78	25.0	75.61
3588_14	32.0	413.0	21.0	0.0	3.0	8.0	0	3	100.0	0.0	33.33	100.0	78.05
3588_15	28.0	660.0	19.0	0.0	9.0	0.0	0	2	90.48	0.0	100.0	0.0	68.29
3588_16	30.0	590.0	18.0	0.0	4.0	8.0	0	3	85.71	0.0	44.44	100.0	73.17
3588_17	23.0	492.0	17.0	0.0	2.0	4.0	0	3	80.95	0.0	22.22	50.0	56.1
3588_18	26.0	651.0	17.0	0.0	9.0	0.0	0	2	80.95	0.0	100.0	0.0	63.41
3588_3	23.0	400.0	22.0	0.0	1.0	0.0	0	2	104.76	0.0	11.11	0.0	56.1
3588_4	31.0	458.0	21.0	0.0	2.0	8.0	0	3	100.0	0.0	22.22	100.0	75.61
3588_8	32.0	415.0	21.0	0.0	3.0	8.0	0	3	100.0	0.0	33.33	100.0	78.05
3589_11	27.0	596.0	18.0	0.0	9.0	0.0	0	2	85.71	0.0	100.0	0.0	65.85
3589_16	27.0	340.0	20.0	2.0	4.0	1.0	0	4	95.24	100.0	44.44	12.5	65.85
3589_19	28.0	409.0	20.0	0.0	0.0	8.0	0	2	95.24	0.0	0.0	100.0	68.29
3589_2	33.0	521.0	19.0	0.0	9.0	5.0	0	3	90.48	0.0	100.0	62.5	80.49
3589_3	25.0	357.0	20.0	0.0	4.0	1.0	0	3	95.24	0.0	44.44	12.5	60.98
3589_4	41.0	630.0	22.0	2.0	9.0	8.0	2	4	104.76	100.0	100.0	100.0	100.0
3589_7	32.0	562.0	19.0	0.0	9.0	4.0	0	3	90.48	0.0	100.0	50.0	78.05
3589_9	27.0	341.0	20.0	2.0	4.0	1.0	0	4	95.24	100.0	44.44	12.5	65.85
3598_10	33.0	335.0	17.0	2.0	9.0	5.0	2	4	80.95	100.0	100.0	62.5	80.49
3598_11	32.0	448.0	20.0	0.0	4.0	8.0	0	3	95.24	0.0	44.44	100.0	78.05
3598_18	21.0	397.0	9.0	0.0	5.0	7.0	0	3	42.86	0.0	55.56	87.5	51.22
3598_20	24.0	347.0	12.0	0.0	5.0	7.0	0	3	57.14	0.0	55.56	87.5	58.54
3598_3	25.0	348.04	20.0	1.0	0.0	4.0	1	3	95.24	50.0	0.0	50.0	60.98
3598_5	15.0	370.0	5.0	1.0	9.0	0.0	0	3	23.81	50.0	100.0	0.0	36.59
3598_8	24.0	353.0	19.0	1.0	0.0	4.0	0	3	90.48	50.0	0.0	50.0	58.54
359_3	20.0	524.0	10.0	2.0	8.0	0.0	0	3	47.62	100.0	88.89	0.0	48.78
3600_1	34.0	527.4117647058823	18.0	0.0	9.0	7.0	0	3	85.71	0.0	100.0	87.5	82.93
3600_2	34.0	529.4117647058823	18.0	0.0	9.0	7.0	0	3	85.71	0.0	100.0	87.5	82.93
3600_4	27.0	524.8888888888889	19.0	0.0	4.0	4.0	0	3	90.48	0.0	44.44	50.0	65.85
3903_1	35.0	348.0	20.0	0.0	8.0	7.0	0	3	95.24	0.0	88.89	87.5	85.37
3903_10	37.0	355.0	21.0	2.0	7.0	7.0	0	4	100.0	100.0	77.78	87.5	90.24
3903_13	35.0	301.0	20.0	0.0	8.0	7.0	0	3	95.24	0.0	88.89	87.5	85.37
3903_14	33.0	541.0	16.0	2.0	7.0	8.0	0	4	76.19	100.0	77.78	100.0	80.49
3903_15	35.0	301.0	20.0	0.0	8.0	7.0	0	3	95.24	0.0	88.89	87.5	85.37
3903_16	30.0	676.0	22.0	0.0	8.0	0.0	0	2	104.76	0.0	88.89	0.0	73.17
3903_18	38.0	694.0	22.0	0.0	8.0	8.0	0	3	104.76	0.0	88.89	100.0	92.68
3903_2	29.0	555.0	17.0	0.0	5.0	7.0	0	3	80.95	0.0	55.56	87.5	70.73
3903_4	35.0	634.0	20.0	0.0	8.0	7.0	0	3	95.24	0.0	88.89	87.5	85.37
3903_5	35.0	688.0	20.0	0.0	8.0	7.0	0	3	95.24	0.0	88.89	87.5	85.37
3903_6	37.0	633.0	22.0	0.0	8.0	7.0	0	3	104.76	0.0	88.89	87.5	90.24
3903_7	34.0	619.0	17.0	2.0	8.0	7.0	1	4	80.95	100.0	88.89	87.5	82.93
3903_8	34.0	671.0	17.0	2.0	8.0	7.0	0	4	80.95	100.0	88.89	87.5	82.93
391_1	25.0	347.88	14.0	0.0	7.0	4.0	0	3	66.67	0.0	77.78	50.0	60.98
393_11	28.0	565.0	20.0	0.0	8.0	0.0	0	2	95.24	0.0	88.89	0.0	68.29
393_12	30.0	520.0	21.0	0.0	9.0	0.0	0	2	100.0	0.0	100.0	0.0	73.17
393_13	36.0	467.0	22.0	2.0	9.0	3.0	0	4	104.76	100.0	100.0	37.5	87.8
393_19	41.0	376.0	22.0	2.0	9.0	8.0	1	4	104.76	100.0	100.0	100.0	100.0
393_4	39.0	635.0	21.0	2.0	8.0	8.0	1	4	100.0	100.0	88.89	100.0	95.12
393_7	41.0	358.0	22.0	2.0	9.0	8.0	3	4	104.76	100.0	100.0	100.0	100.0
393_8	31.0	699.0	14.0	2.0	9.0	6.0	0	4	66.67	100.0	100.0	75.0	75.61
39665_1	37.0	460.0	20.0	0.0	9.0	8.0	0	3	95.24	0.0	100.0	100.0	90.24
39665_10	26.0	599.0	19.0	0.0	7.0	0.0	0	2	90.48	0.0	77.78	0.0	63.41
39665_11	21.0	485.0	14.0	0.0	7.0	0.0	0	2	66.67	0.0	77.78	0.0	51.22
39665_13	30.0	394.0	22.0	2.0	1.0	5.0	0	4	104.76	100.0	11.11	62.5	73.17
39665_14	28.0	308.0	17.0	2.0	9.0	0.0	0	3	80.95	100.0	100.0	0.0	68.29
39665_15	26.0	670.0	17.0	0.0	9.0	0.0	0	2	80.95	0.0	100.0	0.0	63.41
39665_17	39.0	458.0	22.0	0.0	9.0	8.0	0	3	104.76	0.0	100.0	100.0	95.12
39665_18	38.0	446.0	22.0	0.0	8.0	8.0	0	3	104.76	0.0	88.89	100.0	92.68
39665_3	31.0	669.0	22.0	0.0	9.0	0.0	0	2	104.76	0.0	100.0	0.0	75.61
39665_4	31.0	410.0	22.0	0.0	9.0	0.0	0	2	104.76	0.0	100.0	0.0	75.61
39665_8	41.0	519.0	22.0	2.0	9.0	8.0	0	4	104.76	100.0	100.0	100.0	100.0
40149_1	28.0	418.0	12.0	1.0	7.0	8.0	0	4	57.14	50.0	77.78	100.0	68.29
40149_15	32.0	342.625	18.0	2.0	8.0	4.0	0	4	85.71	100.0	88.89	50.0	78.05
40149_16	23.0	385.0	14.0	0.0	9.0	0.0	0	2	66.67	0.0	100.0	0.0	56.1
40149_17	30.0	358.1666666666667	13.0	0.0	9.0	8.0	0	3	61.9	0.0	100.0	100.0	73.17
40149_3	38.0	399.6842105263158	22.0	2.0	9.0	5.0	0	4	104.76	100.0	100.0	62.5	92.68
40149_4	38.0	397.6842105263158	22.0	2.0	9.0	5.0	0	4	104.76	100.0	100.0	62.5	92.68
40149_5	24.0	371.0	9.0	0.0	7.0	8.0	0	3	42.86	0.0	77.78	100.0	58.54
40149_7	28.0	376.0	12.0	1.0	7.0	8.0	0	4	57.14	50.0	77.78	100.0	68.29
40149_8	31.0	356.3225806451613	14.0	0.0	9.0	8.0	0	3	66.67	0.0	100.0	100.0	75.61
40149_9	38.0	404.6842105263158	22.0	2.0	9.0	5.0	0	4	104.76	100.0	100.0	62.5	92.68
40236_1	23.0	541.0	21.0	0.0	2.0	0.0	0	2	100.0	0.0	22.22	0.0	56.1
40236_2	17.0	469.0	15.0	0.0	2.0	0.0	0	2	71.43	0.0	22.22	0.0	41.46
40236_3	15.0	469.0	15.0	0.0	0.0	0.0	0	1	71.43	0.0	0.0	0.0	36.59
40236_5	17.0	462.0	15.0	0.0	2.0	0.0	0	2	71.43	0.0	22.22	0.0	41.46
40236_6	17.0	466.0	15.0	0.0	2.0	0.0	0	2	71.43	0.0	22.22	0.0	41.46
40236_7	37.0	393.0	22.0	0.0	7.0	8.0	0	3	104.76	0.0	77.78	100.0	90.24
402_12	38.0	628.0	19.0	2.0	9.0	8.0	0	4	90.48	100.0	100.0	100.0	92.68
402_15	33.0	493.0	22.0	2.0	9.0	0.0	0	3	104.76	100.0	100.0	0.0	80.49
402_17	34.0	624.0	21.0	0.0	6.0	7.0	0	3	100.0	0.0	66.67	87.5	82.93
402_18	29.0	614.0	19.0	2.0	8.0	0.0	0	3	90.48	100.0	88.89	0.0	70.73
402_20	32.0	305.0	22.0	2.0	8.0	0.0	0	3	104.76	100.0	88.89	0.0	78.05
402_3	28.0	433.0	22.0	2.0	4.0	0.0	0	3	104.76	100.0	44.44	0.0	68.29
402_6	34.0	550.0	21.0	0.0	9.0	4.0	0	3	100.0	0.0	100.0	50.0	82.93
402_9	29.0	618.0	19.0	2.0	8.0	0.0	0	3	90.48	100.0	88.89	0.0	70.73
406_1	22.0	474.0	10.0	0.0	7.0	5.0	0	3	47.62	0.0	77.78	62.5	53.66
411182_10	25.0	309.0	17.0	2.0	2.0	4.0	0	4	80.95	100.0	22.22	50.0	60.98
411182_2	23.0	386.0	21.0	2.0	0.0	0.0	0	2	100.0	100.0	0.0	0.0	56.1
411182_3	27.0	317.0	13.0	0.0	7.0	7.0	0	3	61.9	0.0	77.78	87.5	65.85
411182_4	33.0	307.0	21.0	2.0	5.0	5.0	0	4	100.0	100.0	55.56	62.5	80.49
411182_5	33.0	305.0	21.0	2.0	5.0	5.0	0	4	100.0	100.0	55.56	62.5	80.49
411182_8	22.0	524.0	13.0	0.0	4.0	5.0	0	3	61.9	0.0	44.44	62.5	53.66
41138_1	25.0	514.4	21.0	0.0	4.0	0.0	0	2	100.0	0.0	44.44	0.0	60.98
41138_2	23.0	505.8695652173913	21.0	0.0	2.0	0.0	0	2	100.0	0.0	22.22	0.0	56.1
42104_10	30.0	365.0	20.0	0.0	9.0	1.0	0	3	95.24	0.0	100.0	12.5	73.17
42104_11	37.0	314.0	22.0	0.0	9.0	6.0	0	3	104.76	0.0	100.0	75.0	90.24
42104_12	27.0	331.0	18.0	0.0	5.0	4.0	0	3	85.71	0.0	55.56	50.0	65.85
42104_13	36.0	347.0	21.0	0.0	9.0	6.0	0	3	100.0	0.0	100.0	75.0	87.8
42104_15	31.0	342.0	18.0	0.0	9.0	4.0	0	3	85.71	0.0	100.0	50.0	75.61
42104_18	27.0	328.0	18.0	0.0	5.0	4.0	0	3	85.71	0.0	55.56	50.0	65.85
42104_4	38.0	426.0	21.0	0.0	9.0	8.0	0	3	100.0	0.0	100.0	100.0	92.68
42104_8	31.0	324.0	18.0	0.0	5.0	8.0	0	3	85.71	0.0	55.56	100.0	75.61
42104_9	27.0	484.0	15.0	0.0	4.0	8.0	0	3	71.43	0.0	44.44	100.0	65.85
426956_1	16.0	551.1875	8.0	0.0	2.0	6.0	0	3	38.1	0.0	22.22	75.0	39.02
426956_11	18.0	403.0	9.0	0.0	4.0	5.0	0	3	42.86	0.0	44.44	62.5	43.9
426956_12	22.0	564.9545454545455	17.0	0.0	4.0	1.0	0	3	80.95	0.0	44.44	12.5	53.66
426956_13	15.0	551.2	11.0	0.0	3.0	1.0	0	3	52.38	0.0	33.33	12.5	36.59
426956_14	16.0	558.1875	11.0	0.0	4.0	1.0	0	3	52.38	0.0	44.44	12.5	39.02
426956_15	17.0	542.1764705882352	11.0	0.0	5.0	1.0	0	3	52.38	0.0	55.56	12.5	41.46
426956_2	22.0	562.9545454545455	17.0	0.0	4.0	1.0	0	3	80.95	0.0	44.44	12.5	53.66
426956_3	20.0	321.0	10.0	0.0	7.0	3.0	0	3	47.62	0.0	77.78	37.5	48.78
426956_5	16.0	562.1875	10.0	0.0	5.0	1.0	0	3	47.62	0.0	55.56	12.5	39.02
426956_6	27.0	332.0	10.0	0.0	9.0	8.0	0	3	47.62	0.0	100.0	100.0	65.85
426956_9	27.0	315.0	17.0	0.0	7.0	3.0	0	3	80.95	0.0	77.78	37.5	65.85
428940_1	25.0	361.0	16.0	2.0	5.0	2.0	0	4	76.19	100.0	55.56	25.0	60.98
428940_7	31.0	447.51612903225805	16.0	2.0	5.0	8.0	0	4	76.19	100.0	55.56	100.0	75.61
428940_8	31.0	322.0	13.0	2.0	8.0	8.0	0	4	61.9	100.0	88.89	100.0	75.61
42_1	27.0	344.0	15.0	0.0	6.0	6.0	0	3	71.43	0.0	66.67	75.0	65.85
42_2	31.0	349.0	16.0	0.0	7.0	8.0	0	3	76.19	0.0	77.78	100.0	75.61
42_3	31.0	351.0	16.0	0.0	7.0	8.0	0	3	76.19	0.0	77.78	100.0	75.61
432667_1	24.0	439.5	17.0	0.0	7.0	0.0	0	2	80.95	0.0	77.78	0.0	58.54
432667_2	24.0	455.0	19.0	0.0	5.0	0.0	0	2	90.48	0.0	55.56	0.0	58.54
43296_12	20.0	404.0	19.0	0.0	1.0	0.0	0	2	90.48	0.0	11.11	0.0	48.78
43296_8	27.0	333.0	21.0	0.0	6.0	0.0	0	2	100.0	0.0	66.67	0.0	65.85
43296_9	27.0	323.0	21.0	0.0	6.0	0.0	0	2	100.0	0.0	66.67	0.0	65.85
437_1	13.0	308.0	11.0	0.0	1.0	1.0	0	3	52.38	0.0	11.11	12.5	31.71
437_10	39.0	314.0	22.0	2.0	7.0	8.0	0	4	104.76	100.0	77.78	100.0	95.12
437_11	39.0	315.0	22.0	2.0	7.0	8.0	0	4	104.76	100.0	77.78	100.0	95.12
437_12	31.0	302.0	22.0	2.0	1.0	6.0	0	4	104.76	100.0	11.11	75.0	75.61
437_13	15.0	328.0	11.0	2.0	1.0	1.0	0	4	52.38	100.0	11.11	12.5	36.59
437_2	31.0	410.0	22.0	2.0	1.0	6.0	0	4	104.76	100.0	11.11	75.0	75.61
437_3	31.0	301.0	22.0	2.0	1.0	6.0	0	4	104.76	100.0	11.11	75.0	75.61
437_4	31.0	309.0	22.0	2.0	1.0	6.0	0	4	104.76	100.0	11.11	75.0	75.61
437_6	20.0	333.0	11.0	2.0	1.0	6.0	0	4	52.38	100.0	11.11	75.0	48.78
437_7	29.0	304.0	20.0	2.0	1.0	6.0	0	4	95.24	100.0	11.11	75.0	70.73
437_8	31.0	302.0	22.0	2.0	1.0	6.0	0	4	104.76	100.0	11.11	75.0	75.61
437_9	40.0	309.0	22.0	2.0	8.0	8.0	0	4	104.76	100.0	88.89	100.0	97.56
43_13	25.0	359.0	14.0	2.0	9.0	0.0	0	3	66.67	100.0	100.0	0.0	60.98
43_3	25.0	337.0	14.0	2.0	9.0	0.0	0	3	66.67	100.0	100.0	0.0	60.98
43_4	25.0	352.0	14.0	2.0	9.0	0.0	0	3	66.67	100.0	100.0	0.0	60.98
43_7	23.0	333.0	22.0	1.0	0.0	0.0	1	2	104.76	50.0	0.0	0.0	56.1
443_1	33.0	355.0	19.0	0.0	9.0	5.0	0	3	90.48	0.0	100.0	62.5	80.49
443_2	30.0	362.0	19.0	0.0	5.0	6.0	0	3	90.48	0.0	55.56	75.0	73.17
44900_1	34.0	441.5	16.0	2.0	9.0	7.0	0	4	76.19	100.0	100.0	87.5	82.93
44900_12	41.0	361.8292682926829	22.0	2.0	9.0	8.0	0	4	104.76	100.0	100.0	100.0	100.0
44900_3	35.0	425.2857142857143	19.0	0.0	9.0	7.0	0	3	90.48	0.0	100.0	87.5	85.37
44900_4	33.0	353.72727272727275	16.0	0.0	9.0	8.0	0	3	76.19	0.0	100.0	100.0	80.49
44900_5	41.0	356.8292682926829	22.0	2.0	9.0	8.0	0	4	104.76	100.0	100.0	100.0	100.0
44900_6	26.0	326.0769230769231	10.0	0.0	9.0	7.0	0	3	47.62	0.0	100.0	87.5	63.41
44900_7	30.0	313.6	14.0	0.0	9.0	7.0	0	3	66.67	0.0	100.0	87.5	73.17
44900_8	29.0	309.9310344827586	13.0	0.0	9.0	7.0	0	3	61.9	0.0	100.0	87.5	70.73
46_1	34.0	359.0	21.0	0.0	5.0	8.0	0	3	100.0	0.0	55.56	100.0	82.93
46_17	41.0	404.0	22.0	2.0	9.0	8.0	0	4	104.76	100.0	100.0	100.0	100.0
46_18	29.0	361.0	21.0	0.0	0.0	8.0	1	2	100.0	0.0	0.0	100.0	70.73
46_8	36.0	327.0	22.0	2.0	9.0	3.0	2	4	104.76	100.0	100.0	37.5	87.8
46_9	35.0	316.0	21.0	2.0	9.0	3.0	2	4	100.0	100.0	100.0	37.5	85.37
471_20	35.0	460.0	22.0	0.0	5.0	8.0	0	3	104.76	0.0	55.56	100.0	85.37
471_5	33.0	630.0	19.0	2.0	8.0	4.0	0	4	90.48	100.0	88.89	50.0	80.49
471_9	33.0	631.0	19.0	2.0	8.0	4.0	0	4	90.48	100.0	88.89	50.0	80.49
47409_1	15.0	544.4	13.0	2.0	0.0	0.0	0	2	61.9	100.0	0.0	0.0	36.59
47683_3	25.0	455.32	18.0	0.0	7.0	0.0	0	2	85.71	0.0	77.78	0.0	60.98
47884_1	18.0	306.5	18.0	0.0	0.0	0.0	0	1	85.71	0.0	0.0	0.0	43.9
482514_1	23.0	392.0	15.0	0.0	8.0	0.0	0	2	71.43	0.0	88.89	0.0	56.1
48489_11	6.0	321.0	1.0	0.0	5.0	0.0	0	2	4.76	0.0	55.56	0.0	14.63
48489_7	12.0	405.0	5.0	0.0	7.0	0.0	0	2	23.81	0.0	77.78	0.0	29.27
48489_8	12.0	403.0	5.0	0.0	7.0	0.0	0	2	23.81	0.0	77.78	0.0	29.27
49107_2	27.0	339.0	19.0	2.0	0.0	6.0	0	3	90.48	100.0	0.0	75.0	65.85
491_5	37.0	379.0	19.0	2.0	9.0	7.0	0	4	90.48	100.0	100.0	87.5	90.24
49961_2	29.0	347.0	21.0	0.0	7.0	1.0	0	3	100.0	0.0	77.78	12.5	70.73
49961_5	36.0	305.0	21.0	0.0	7.0	8.0	0	3	100.0	0.0	77.78	100.0	87.8
49_1	30.0	504.0	19.0	2.0	9.0	0.0	0	3	90.48	100.0	100.0	0.0	73.17
49_10	35.0	556.0	20.0	2.0	9.0	4.0	0	4	95.24	100.0	100.0	50.0	85.37
49_13	26.0	428.0	17.0	0.0	9.0	0.0	0	2	80.95	0.0	100.0	0.0	63.41
49_14	26.0	436.0	17.0	0.0	9.0	0.0	0	2	80.95	0.0	100.0	0.0	63.41
49_2	41.0	390.0	22.0	2.0	9.0	8.0	1	4	104.76	100.0	100.0	100.0	100.0
49_4	41.0	391.0	22.0	2.0	9.0	8.0	3	4	104.76	100.0	100.0	100.0	100.0
49_5	41.0	393.0	22.0	2.0	9.0	8.0	3	4	104.76	100.0	100.0	100.0	100.0
49_6	41.0	382.0	22.0	2.0	9.0	8.0	2	4	104.76	100.0	100.0	100.0	100.0
49_7	41.0	382.0	22.0	2.0	9.0	8.0	2	4	104.76	100.0	100.0	100.0	100.0
49_8	41.0	379.0	22.0	2.0	9.0	8.0	1	4	104.76	100.0	100.0	100.0	100.0
500_1	37.0	425.0	18.0	2.0	9.0	8.0	0	4	85.71	100.0	100.0	100.0	90.24
500_11	26.0	302.0	21.0	0.0	4.0	1.0	0	3	100.0	0.0	44.44	12.5	63.41
500_2	33.0	309.0	22.0	2.0	8.0	1.0	0	4	104.76	100.0	88.89	12.5	80.49
500_3	37.0	689.0	21.0	2.0	6.0	8.0	0	4	100.0	100.0	66.67	100.0	90.24
500_4	40.0	679.0	22.0	2.0	8.0	8.0	0	4	104.76	100.0	88.89	100.0	97.56
500_6	28.0	433.0	18.0	0.0	4.0	6.0	0	3	85.71	0.0	44.44	75.0	68.29
500_7	40.0	675.0	22.0	2.0	8.0	8.0	0	4	104.76	100.0	88.89	100.0	97.56
500_8	33.0	305.0	22.0	2.0	8.0	1.0	0	4	104.76	100.0	88.89	12.5	80.49
51058_11	22.0	591.6363636363636	18.0	0.0	0.0	4.0	0	2	85.71	0.0	0.0	50.0	53.66
51058_19	31.0	324.64516129032256	14.0	2.0	8.0	7.0	1	4	66.67	100.0	88.89	87.5	75.61
51058_3	24.0	629.875	20.0	0.0	4.0	0.0	0	2	95.24	0.0	44.44	0.0	58.54
51058_4	21.0	525.5714285714286	19.0	2.0	0.0	0.0	0	2	90.48	100.0	0.0	0.0	51.22
51058_5	15.0	531.8	15.0	0.0	0.0	0.0	0	1	71.43	0.0	0.0	0.0	36.59
51058_9	23.0	597.9130434782609	22.0	0.0	0.0	1.0	0	2	104.76	0.0	0.0	12.5	56.1
51278_1	16.0	361.0	16.0	0.0	0.0	0.0	0	1	76.19	0.0	0.0	0.0	39.02
526_1	40.0	421.0	22.0	2.0	9.0	7.0	0	4	104.76	100.0	100.0	87.5	97.56
526_11	38.0	597.0	19.0	2.0	9.0	8.0	0	4	90.48	100.0	100.0	100.0	92.68
526_12	36.0	619.0	19.0	0.0	9.0	8.0	2	3	90.48	0.0	100.0	100.0	87.8
526_2	40.0	645.6	22.0	2.0	9.0	7.0	0	4	104.76	100.0	100.0	87.5	97.56
526_4	36.0	620.6666666666666	19.0	2.0	7.0	8.0	0	4	90.48	100.0	77.78	100.0	87.8
526_6	17.0	349.0	12.0	2.0	0.0	3.0	0	3	57.14	100.0	0.0	37.5	41.46
526_7	38.0	448.0	19.0	2.0	9.0	8.0	0	4	90.48	100.0	100.0	100.0	92.68
526_8	40.0	425.0	22.0	2.0	9.0	7.0	3	4	104.76	100.0	100.0	87.5	97.56
53208_2	30.0	505.1	22.0	0.0	8.0	0.0	0	2	104.76	0.0	88.89	0.0	73.17
53208_4	30.0	506.1	22.0	0.0	8.0	0.0	0	2	104.76	0.0	88.89	0.0	73.17
53208_5	31.0	502.0967741935484	22.0	0.0	9.0	0.0	0	2	104.76	0.0	100.0	0.0	75.61
536_1	31.0	597.6129032258065	17.0	2.0	7.0	5.0	0	4	80.95	100.0	77.78	62.5	75.61
536_13	34.0	300.6470588235294	22.0	2.0	7.0	3.0	0	4	104.76	100.0	77.78	37.5	82.93
536_18	31.0	660.6129032258065	22.0	0.0	7.0	2.0	1	3	104.76	0.0	77.78	25.0	75.61
536_2	40.0	530.7	21.0	2.0	9.0	8.0	0	4	100.0	100.0	100.0	100.0	97.56
536_20	41.0	386.7073170731707	22.0	2.0	9.0	8.0	0	4	104.76	100.0	100.0	100.0	100.0
536_3	31.0	627.0	22.0	2.0	0.0	7.0	0	3	104.76	100.0	0.0	87.5	75.61
5379_10	26.0	677.0	17.0	2.0	7.0	0.0	0	3	80.95	100.0	77.78	0.0	63.41
5379_14	30.0	441.0	21.0	2.0	7.0	0.0	0	3	100.0	100.0	77.78	0.0	73.17
5379_15	25.0	518.0	16.0	0.0	9.0	0.0	0	2	76.19	0.0	100.0	0.0	60.98
5379_17	29.0	328.0	21.0	1.0	7.0	0.0	0	3	100.0	50.0	77.78	0.0	70.73
5379_3	35.0	364.0	18.0	1.0	8.0	8.0	1	4	85.71	50.0	88.89	100.0	85.37
5379_4	25.0	500.0	13.0	0.0	4.0	8.0	0	3	61.9	0.0	44.44	100.0	60.98
5379_7	25.0	440.0	13.0	0.0	4.0	8.0	0	3	61.9	0.0	44.44	100.0	60.98
5379_9	38.0	517.0	22.0	0.0	8.0	8.0	0	3	104.76	0.0	88.89	100.0	92.68
5416_2	27.0	360.0	13.0	0.0	7.0	7.0	0	3	61.9	0.0	77.78	87.5	65.85
5416_3	27.0	359.0	13.0	0.0	7.0	7.0	0	3	61.9	0.0	77.78	87.5	65.85
5416_4	7.0	500.0	7.0	0.0	0.0	0.0	0	1	33.33	0.0	0.0	0.0	17.07
5416_5	27.0	356.0	13.0	0.0	7.0	7.0	0	3	61.9	0.0	77.78	87.5	65.85
5416_6	27.0	362.0	13.0	0.0	7.0	7.0	0	3	61.9	0.0	77.78	87.5	65.85
5416_7	10.0	504.0	10.0	0.0	0.0	0.0	0	1	47.62	0.0	0.0	0.0	24.39
5429_3	23.0	489.0	14.0	0.0	3.0	6.0	0	3	66.67	0.0	33.33	75.0	56.1
5429_4	30.0	487.0	21.0	0.0	3.0	6.0	0	3	100.0	0.0	33.33	75.0	73.17
543_3	23.0	503.0	18.0	0.0	0.0	5.0	0	2	85.71	0.0	0.0	62.5	56.1
543_4	30.0	483.0	18.0	2.0	7.0	3.0	0	4	85.71	100.0	77.78	37.5	73.17
544_1	26.0	349.0	14.0	2.0	9.0	1.0	0	4	66.67	100.0	100.0	12.5	63.41
544_12	32.0	361.0	14.0	2.0	9.0	7.0	0	4	66.67	100.0	100.0	87.5	78.05
544_3	33.0	365.0	14.0	2.0	9.0	8.0	0	4	66.67	100.0	100.0	100.0	80.49
544_4	33.0	359.0	14.0	2.0	9.0	8.0	0	4	66.67	100.0	100.0	100.0	80.49
544_5	24.0	489.0	11.0	2.0	9.0	2.0	0	4	52.38	100.0	100.0	25.0	58.54
544_7	41.0	347.0	22.0	2.0	9.0	8.0	0	4	104.76	100.0	100.0	100.0	100.0
544_8	41.0	347.0	22.0	2.0	9.0	8.0	0	4	104.76	100.0	100.0	100.0	100.0
54502_1	20.0	542.0	11.0	0.0	9.0	0.0	0	2	52.38	0.0	100.0	0.0	48.78
54502_2	20.0	544.0	11.0	0.0	9.0	0.0	0	2	52.38	0.0	100.0	0.0	48.78
54502_3	21.0	540.0	12.0	0.0	9.0	0.0	0	2	57.14	0.0	100.0	0.0	51.22
55127_3	16.0	510.3125	13.0	2.0	1.0	0.0	0	3	61.9	100.0	11.11	0.0	39.02
5538_4	24.0	449.0	14.0	0.0	3.0	7.0	0	3	66.67	0.0	33.33	87.5	58.54
5538_5	41.0	323.0	22.0	2.0	9.0	8.0	0	4	104.76	100.0	100.0	100.0	100.0
5538_7	39.0	462.0	22.0	2.0	7.0	8.0	1	4	104.76	100.0	77.78	100.0	95.12
5538_8	28.0	519.0	14.0	0.0	9.0	5.0	0	3	66.67	0.0	100.0	62.5	68.29
555_2	36.0	316.0	18.0	2.0	8.0	8.0	0	4	85.71	100.0	88.89	100.0	87.8
555_3	35.0	583.8857142857142	18.0	0.0	9.0	8.0	0	3	85.71	0.0	100.0	100.0	85.37
555_4	36.0	385.9166666666667	18.0	2.0	8.0	8.0	0	4	85.71	100.0	88.89	100.0	87.8
555_5	33.0	465.8181818181818	18.0	0.0	7.0	8.0	0	3	85.71	0.0	77.78	100.0	80.49
555_6	26.0	663.0769230769231	18.0	0.0	0.0	8.0	0	2	85.71	0.0	0.0	100.0	63.41
55716_1	26.0	537.3076923076923	12.0	0.0	6.0	8.0	0	3	57.14	0.0	66.67	100.0	63.41
55716_2	30.0	536.6	17.0	0.0	5.0	8.0	0	3	80.95	0.0	55.56	100.0	73.17
55716_4	25.0	538.96	12.0	0.0	5.0	8.0	0	3	57.14	0.0	55.56	100.0	60.98
55907_1	40.0	447.8	22.0	2.0	9.0	7.0	0	4	104.76	100.0	100.0	87.5	97.56
55907_3	27.0	473.3333333333333	18.0	0.0	9.0	0.0	0	2	85.71	0.0	100.0	0.0	65.85
55907_5	27.0	281.3333333333333	18.0	0.0	9.0	0.0	0	2	85.71	0.0	100.0	0.0	65.85
55907_6	27.0	285.3333333333333	18.0	0.0	9.0	0.0	0	2	85.71	0.0	100.0	0.0	65.85
55907_9	28.0	510.10714285714283	18.0	0.0	9.0	1.0	0	3	85.71	0.0	100.0	12.5	68.29
562_1	35.0	630.0	18.0	0.0	9.0	8.0	0	3	85.71	0.0	100.0	100.0	85.37
562_7	38.0	636.0	21.0	0.0	9.0	8.0	0	3	100.0	0.0	100.0	100.0	92.68
5670_5	24.0	343.0	20.0	0.0	0.0	4.0	0	2	95.24	0.0	0.0	50.0	58.54
5670_7	22.0	339.0	18.0	0.0	0.0	4.0	0	2	85.71	0.0	0.0	50.0	53.66
5724_2	33.0	329.27272727272725	16.0	0.0	9.0	8.0	0	3	76.19	0.0	100.0	100.0	80.49
5724_7	39.0	437.9230769230769	22.0	2.0	9.0	6.0	1	4	104.76	100.0	100.0	75.0	95.12
5724_9	32.0	444.375	19.0	2.0	3.0	8.0	1	4	90.48	100.0	33.33	100.0	78.05
58363_10	31.0	536.0	13.0	2.0	8.0	8.0	1	4	61.9	100.0	88.89	100.0	75.61
58363_14	10.0	622.0	3.0	2.0	2.0	3.0	0	4	14.29	100.0	22.22	37.5	24.39
58363_15	32.0	532.0	14.0	2.0	8.0	8.0	1	4	66.67	100.0	88.89	100.0	78.05
58363_18	27.0	423.0	21.0	0.0	0.0	6.0	0	2	100.0	0.0	0.0	75.0	65.85
58363_20	32.0	535.0	14.0	2.0	8.0	8.0	1	4	66.67	100.0	88.89	100.0	78.05
58363_4	31.0	542.0	13.0	2.0	8.0	8.0	1	4	61.9	100.0	88.89	100.0	75.61
58363_5	40.0	351.0	21.0	2.0	9.0	8.0	0	4	100.0	100.0	100.0	100.0	97.56
58363_7	37.0	450.0	21.0	1.0	7.0	8.0	1	4	100.0	50.0	77.78	100.0	90.24
58363_8	31.0	540.0	13.0	2.0	8.0	8.0	1	4	61.9	100.0	88.89	100.0	75.61
58363_9	31.0	546.0	13.0	2.0	8.0	8.0	1	4	61.9	100.0	88.89	100.0	75.61
5960_3	37.0	487.0	20.0	2.0	9.0	6.0	0	4	95.24	100.0	100.0	75.0	90.24
5960_4	37.0	493.02702702702703	22.0	2.0	9.0	4.0	0	4	104.76	100.0	100.0	50.0	90.24
5960_5	34.0	390.0	17.0	0.0	9.0	8.0	1	3	80.95	0.0	100.0	100.0	82.93
59692_1	20.0	589.0	17.0	0.0	3.0	0.0	0	2	80.95	0.0	33.33	0.0	48.78
596983_1	21.0	480.85714285714283	6.0	0.0	7.0	8.0	0	3	28.57	0.0	77.78	100.0	51.22
596983_2	22.0	477.0	7.0	0.0	7.0	8.0	0	3	33.33	0.0	77.78	100.0	53.66
599_1	37.0	461.0	21.0	0.0	9.0	7.0	0	3	100.0	0.0	100.0	87.5	90.24
599_14	32.0	416.0	19.0	0.0	5.0	8.0	0	3	90.48	0.0	55.56	100.0	78.05
599_15	34.0	425.0	22.0	0.0	5.0	7.0	0	3	104.76	0.0	55.56	87.5	82.93
599_3	32.0	312.0	16.0	0.0	9.0	7.0	1	3	76.19	0.0	100.0	87.5	78.05
599_4	32.0	312.0	16.0	0.0	9.0	7.0	0	3	76.19	0.0	100.0	87.5	78.05
599_5	32.0	417.0	19.0	0.0	5.0	8.0	0	3	90.48	0.0	55.56	100.0	78.05
599_6	37.0	467.0	21.0	0.0	9.0	7.0	0	3	100.0	0.0	100.0	87.5	90.24
604685_1	34.0	452.0	19.0	0.0	9.0	6.0	0	3	90.48	0.0	100.0	75.0	82.93
604685_10	31.0	431.0	22.0	0.0	9.0	0.0	0	2	104.76	0.0	100.0	0.0	75.61
604685_2	24.0	429.0	15.0	0.0	9.0	0.0	0	2	71.43	0.0	100.0	0.0	58.54
604685_5	31.0	425.0	22.0	0.0	9.0	0.0	0	2	104.76	0.0	100.0	0.0	75.61
604_1	39.0	403.0	20.0	2.0	9.0	8.0	0	4	95.24	100.0	100.0	100.0	95.12
604_2	39.0	405.0	20.0	2.0	9.0	8.0	0	4	95.24	100.0	100.0	100.0	95.12
604_3	39.0	470.0	20.0	2.0	9.0	8.0	0	4	95.24	100.0	100.0	100.0	95.12
604_4	39.0	450.0	20.0	2.0	9.0	8.0	0	4	95.24	100.0	100.0	100.0	95.12
604_5	37.0	477.0	20.0	0.0	9.0	8.0	0	3	95.24	0.0	100.0	100.0	90.24
604_7	32.0	328.0	17.0	2.0	5.0	8.0	0	4	80.95	100.0	55.56	100.0	78.05
604_8	32.0	330.0	17.0	2.0	5.0	8.0	0	4	80.95	100.0	55.56	100.0	78.05
604_9	39.0	401.0	20.0	2.0	9.0	8.0	0	4	95.24	100.0	100.0	100.0	95.12
60809_13	13.0	680.0	13.0	0.0	0.0	0.0	0	1	61.9	0.0	0.0	0.0	31.71
60809_14	16.0	677.0	16.0	0.0	0.0	0.0	0	1	76.19	0.0	0.0	0.0	39.02
620861_15	28.0	367.0	14.0	0.0	7.0	7.0	0	3	66.67	0.0	77.78	87.5	68.29
620861_17	34.0	381.0	17.0	0.0	9.0	8.0	0	3	80.95	0.0	100.0	100.0	82.93
62802_11	22.0	333.0	22.0	0.0	0.0	0.0	0	1	104.76	0.0	0.0	0.0	53.66
62802_5	38.0	422.8421052631579	21.0	2.0	9.0	6.0	0	4	100.0	100.0	100.0	75.0	92.68
62802_8	29.0	462.0	22.0	0.0	2.0	5.0	0	3	104.76	0.0	22.22	62.5	70.73
637_1	17.0	350.0	17.0	0.0	0.0	0.0	0	1	80.95	0.0	0.0	0.0	41.46
64683_3	15.0	318.0	8.0	0.0	7.0	0.0	0	2	38.1	0.0	77.78	0.0	36.59
660_5	35.0	333.0	22.0	0.0	7.0	6.0	0	3	104.76	0.0	77.78	75.0	85.37
660_7	34.0	382.0	22.0	0.0	9.0	3.0	0	3	104.76	0.0	100.0	37.5	82.93
66353_1	34.0	489.1764705882353	21.0	0.0	9.0	4.0	0	3	100.0	0.0	100.0	50.0	82.93
66353_2	28.0	473.2142857142857	21.0	0.0	3.0	4.0	0	3	100.0	0.0	33.33	50.0	68.29
66353_5	31.0	493.19354838709677	19.0	0.0	8.0	4.0	0	3	90.48	0.0	88.89	50.0	75.61
66353_7	26.0	478.2307692307692	20.0	2.0	1.0	3.0	0	4	95.24	100.0	11.11	37.5	63.41
66353_8	32.0	477.1875	20.0	0.0	6.0	6.0	0	3	95.24	0.0	66.67	75.0	78.05
685489_10	20.0	325.0	20.0	0.0	0.0	0.0	0	1	95.24	0.0	0.0	0.0	48.78
685489_11	30.0	363.0	20.0	2.0	0.0	8.0	0	3	95.24	100.0	0.0	100.0	73.17
685489_18	30.0	352.0	20.0	2.0	0.0	8.0	0	3	95.24	100.0	0.0	100.0	73.17
685489_5	30.0	356.0	20.0	2.0	0.0	8.0	0	3	95.24	100.0	0.0	100.0	73.17
685489_7	35.0	635.0	22.0	1.0	4.0	8.0	0	4	104.76	50.0	44.44	100.0	85.37
685489_8	38.0	638.0	22.0	1.0	7.0	8.0	0	4	104.76	50.0	77.78	100.0	92.68
685489_9	29.0	306.0	15.0	1.0	5.0	8.0	0	4	71.43	50.0	55.56	100.0	70.73
686_1	19.0	328.0	11.0	0.0	0.0	8.0	0	2	52.38	0.0	0.0	100.0	46.34
686_10	10.0	387.0	10.0	0.0	0.0	0.0	0	1	47.62	0.0	0.0	0.0	24.39
686_11	11.0	383.0	11.0	0.0	0.0	0.0	0	1	52.38	0.0	0.0	0.0	26.83
686_13	11.0	384.0	11.0	0.0	0.0	0.0	0	1	52.38	0.0	0.0	0.0	26.83
686_15	11.0	389.0	11.0	0.0	0.0	0.0	0	1	52.38	0.0	0.0	0.0	26.83
686_3	17.0	420.0	17.0	0.0	0.0	0.0	0	1	80.95	0.0	0.0	0.0	41.46
686_4	22.0	422.0	20.0	0.0	0.0	2.0	0	2	95.24	0.0	0.0	25.0	53.66
693956_1	10.0	326.0	3.0	0.0	7.0	0.0	0	2	14.29	0.0	77.78	0.0	24.39
7069_15	31.0	604.0	22.0	0.0	9.0	0.0	0	2	104.76	0.0	100.0	0.0	75.61
7069_16	31.0	595.0	22.0	0.0	9.0	0.0	0	2	104.76	0.0	100.0	0.0	75.61
7069_2	31.0	617.8387096774194	22.0	0.0	9.0	0.0	0	2	104.76	0.0	100.0	0.0	75.61
7069_4	31.0	612.0	22.0	0.0	9.0	0.0	0	2	104.76	0.0	100.0	0.0	75.61
7069_5	31.0	621.8387096774194	22.0	0.0	9.0	0.0	0	2	104.76	0.0	100.0	0.0	75.61
7069_6	31.0	609.0	22.0	0.0	9.0	0.0	0	2	104.76	0.0	100.0	0.0	75.61
7069_7	31.0	611.0	22.0	0.0	9.0	0.0	0	2	104.76	0.0	100.0	0.0	75.61
7069_8	31.0	603.0	22.0	0.0	9.0	0.0	0	2	104.76	0.0	100.0	0.0	75.61
70890_10	35.0	415.0	21.0	2.0	6.0	6.0	0	4	100.0	100.0	66.67	75.0	85.37
70890_13	38.0	447.0	21.0	2.0	9.0	6.0	0	4	100.0	100.0	100.0	75.0	92.68
70890_14	29.0	319.0	13.0	0.0	8.0	8.0	0	3	61.9	0.0	88.89	100.0	70.73
70890_15	21.0	396.0	4.0	2.0	7.0	8.0	0	4	19.05	100.0	77.78	100.0	51.22
70890_6	34.0	429.0	20.0	2.0	6.0	6.0	0	4	95.24	100.0	66.67	75.0	82.93
70890_7	35.0	419.0	21.0	2.0	6.0	6.0	0	4	100.0	100.0	66.67	75.0	85.37
70890_8	34.0	428.0	20.0	2.0	6.0	6.0	0	4	95.24	100.0	66.67	75.0	82.93
70890_9	14.0	589.0	8.0	0.0	0.0	6.0	0	2	38.1	0.0	0.0	75.0	34.15
70_6	39.0	330.0	22.0	2.0	7.0	8.0	1	4	104.76	100.0	77.78	100.0	95.12
71_1	29.0	512.0	20.0	0.0	9.0	0.0	0	2	95.24	0.0	100.0	0.0	70.73
71_2	31.0	513.0	22.0	0.0	9.0	0.0	0	2	104.76	0.0	100.0	0.0	75.61
71_4	33.0	408.0	22.0	2.0	9.0	0.0	0	3	104.76	100.0	100.0	0.0	80.49
72340_13	30.0	406.0	12.0	2.0	8.0	8.0	0	4	57.14	100.0	88.89	100.0	73.17
72340_14	39.0	520.0	22.0	2.0	9.0	6.0	0	4	104.76	100.0	100.0	75.0	95.12
72340_15	35.0	396.0	21.0	0.0	6.0	8.0	0	3	100.0	0.0	66.67	100.0	85.37
72340_16	37.0	317.0	21.0	0.0	8.0	8.0	0	3	100.0	0.0	88.89	100.0	90.24
72340_17	39.0	523.0	22.0	2.0	9.0	6.0	0	4	104.76	100.0	100.0	75.0	95.12
72340_2	31.0	514.0	21.0	0.0	4.0	6.0	0	3	100.0	0.0	44.44	75.0	75.61
72340_20	34.0	428.0	22.0	0.0	9.0	3.0	0	3	104.76	0.0	100.0	37.5	82.93
72340_3	22.0	322.0	13.0	0.0	2.0	7.0	0	3	61.9	0.0	22.22	87.5	53.66
72340_4	29.0	331.0	21.0	0.0	2.0	6.0	0	3	100.0	0.0	22.22	75.0	70.73
73204_5	23.0	479.04347826086956	19.0	0.0	4.0	0.0	0	2	90.48	0.0	44.44	0.0	56.1
73204_6	22.0	481.09090909090907	18.0	0.0	4.0	0.0	0	2	85.71	0.0	44.44	0.0	53.66
74159_1	28.0	321.0	19.0	0.0	5.0	4.0	0	3	90.48	0.0	55.56	50.0	68.29
74159_4	23.0	323.0	14.0	0.0	5.0	4.0	0	3	66.67	0.0	55.56	50.0	56.1
74159_6	24.0	312.0	19.0	0.0	5.0	0.0	0	2	90.48	0.0	55.56	0.0	58.54
74159_7	29.0	305.0	21.0	1.0	7.0	0.0	0	3	100.0	50.0	77.78	0.0	70.73
75553_10	26.0	441.7692307692308	15.0	2.0	9.0	0.0	0	3	71.43	100.0	100.0	0.0	63.41
75553_13	32.0	605.90625	19.0	1.0	4.0	8.0	0	4	90.48	50.0	44.44	100.0	78.05
75553_14	9.0	400.0	8.0	0.0	1.0	0.0	0	2	38.1	0.0	11.11	0.0	21.95
75553_15	4.0	395.0	3.0	0.0	1.0	0.0	0	2	14.29	0.0	11.11	0.0	9.76
75553_5	8.0	392.0	6.0	0.0	2.0	0.0	0	2	28.57	0.0	22.22	0.0	19.51
76772_4	33.0	573.0	17.0	1.0	7.0	8.0	0	4	80.95	50.0	77.78	100.0	80.49
76772_6	25.0	319.0	9.0	2.0	9.0	5.0	0	4	42.86	100.0	100.0	62.5	60.98
77505_1	21.0	366.0	15.0	0.0	2.0	4.0	0	3	71.43	0.0	22.22	50.0	51.22
77505_2	21.0	366.0	15.0	0.0	2.0	4.0	0	3	71.43	0.0	22.22	50.0	51.22
79074_3	14.0	410.5	7.0	2.0	3.0	2.0	0	4	33.33	100.0	33.33	25.0	34.15
79074_5	25.0	571.72	15.0	2.0	3.0	5.0	0	4	71.43	100.0	33.33	62.5	60.98
79074_6	27.0	569.6666666666666	15.0	2.0	3.0	7.0	0	4	71.43	100.0	33.33	87.5	65.85
80311_3	22.0	377.0	22.0	0.0	0.0	0.0	0	1	104.76	0.0	0.0	0.0	53.66
80_1	37.0	355.2432432432432	18.0	2.0	9.0	8.0	0	4	85.71	100.0	100.0	100.0	90.24
80_2	38.0	488.2368421052632	19.0	2.0	9.0	8.0	0	4	90.48	100.0	100.0	100.0	92.68
80_3	30.0	316.0	18.0	2.0	7.0	3.0	0	4	85.71	100.0	77.78	37.5	73.17
817_1	31.0	610.0	22.0	2.0	5.0	2.0	0	4	104.76	100.0	55.56	25.0	75.61
817_15	20.0	502.0	20.0	0.0	0.0	0.0	0	1	95.24	0.0	0.0	0.0	48.78
817_18	16.0	605.0	8.0	0.0	1.0	7.0	0	3	38.1	0.0	11.11	87.5	39.02
817_19	30.0	422.0	19.0	0.0	9.0	2.0	1	3	90.48	0.0	100.0	25.0	73.17
817_5	27.0	610.0	22.0	0.0	5.0	0.0	0	2	104.76	0.0	55.56	0.0	65.85
86865_10	37.0	373.0810810810811	20.0	0.0	9.0	8.0	0	3	95.24	0.0	100.0	100.0	90.24
86865_11	30.0	376.9	19.0	0.0	8.0	3.0	0	3	90.48	0.0	88.89	37.5	73.17
86865_12	28.0	380.67857142857144	19.0	0.0	8.0	1.0	0	3	90.48	0.0	88.89	12.5	68.29
86865_14	28.0	382.67857142857144	19.0	0.0	8.0	1.0	0	3	90.48	0.0	88.89	12.5	68.29
86865_4	14.0	552.0	9.0	0.0	0.0	5.0	0	2	42.86	0.0	0.0	62.5	34.15
86865_6	21.0	445.0	15.0	0.0	6.0	0.0	0	2	71.43	0.0	66.67	0.0	51.22
86_10	35.0	413.0	17.0	2.0	8.0	8.0	0	4	80.95	100.0	88.89	100.0	85.37
86_11	31.0	681.0	16.0	0.0	8.0	7.0	0	3	76.19	0.0	88.89	87.5	75.61
86_16	27.0	414.0	17.0	2.0	8.0	0.0	0	3	80.95	100.0	88.89	0.0	65.85
86_18	35.0	681.0	19.0	0.0	9.0	7.0	1	3	90.48	0.0	100.0	87.5	85.37
86_19	35.0	412.0	17.0	2.0	8.0	8.0	0	4	80.95	100.0	88.89	100.0	85.37
89338_1	36.0	365.75	19.0	2.0	9.0	6.0	0	4	90.48	100.0	100.0	75.0	87.8
89338_2	34.0	371.02941176470586	19.0	2.0	7.0	6.0	0	4	90.48	100.0	77.78	75.0	82.93
89338_3	34.0	354.7352941176471	17.0	2.0	9.0	6.0	0	4	80.95	100.0	100.0	75.0	82.93
89338_4	24.0	369.625	11.0	2.0	7.0	4.0	0	4	52.38	100.0	77.78	50.0	58.54
89338_5	25.0	370.32	11.0	2.0	7.0	5.0	0	4	52.38	100.0	77.78	62.5	60.98
89338_6	27.0	570.3333333333334	22.0	0.0	5.0	0.0	0	2	104.76	0.0	55.56	0.0	65.85
89338_7	33.0	570.9090909090909	22.0	2.0	9.0	0.0	0	3	104.76	100.0	100.0	0.0	80.49
91236_1	25.0	372.0	15.0	0.0	9.0	1.0	0	3	71.43	0.0	100.0	12.5	60.98
91236_10	13.0	354.46153846153845	9.0	0.0	2.0	2.0	0	3	42.86	0.0	22.22	25.0	31.71
91236_11	3.0	281.0	2.0	0.0	0.0	1.0	0	2	9.52	0.0	0.0	12.5	7.32
91236_2	11.0	601.0	7.0	0.0	2.0	2.0	0	3	33.33	0.0	22.22	25.0	26.83
91236_3	21.0	474.14285714285717	13.0	2.0	2.0	4.0	0	4	61.9	100.0	22.22	50.0	51.22
91236_4	35.0	374.0857142857143	20.0	2.0	9.0	4.0	0	4	95.24	100.0	100.0	50.0	85.37
91236_6	13.0	449.2307692307692	9.0	0.0	2.0	2.0	0	3	42.86	0.0	22.22	25.0	31.71
91236_7	13.0	352.46153846153845	9.0	0.0	2.0	2.0	0	3	42.86	0.0	22.22	25.0	31.71
92_1	33.0	379.0	18.0	2.0	5.0	8.0	1	4	85.71	100.0	55.56	100.0	80.49
92_10	36.0	540.0	21.0	2.0	9.0	4.0	2	4	100.0	100.0	100.0	50.0	87.8
92_11	39.0	379.0	20.0	2.0	9.0	8.0	2	4	95.24	100.0	100.0	100.0	95.12
92_12	32.0	546.0	22.0	2.0	0.0	8.0	1	3	104.76	100.0	0.0	100.0	78.05
92_16	24.0	449.0	15.0	0.0	4.0	5.0	0	3	71.43	0.0	44.44	62.5	58.54
92_17	39.0	397.0	22.0	1.0	8.0	8.0	0	4	104.76	50.0	88.89	100.0	95.12
92_18	27.0	474.0	18.0	0.0	5.0	4.0	0	3	85.71	0.0	55.56	50.0	65.85
92_19	31.0	478.0	18.0	0.0	9.0	4.0	0	3	85.71	0.0	100.0	50.0	75.61
92_2	25.0	430.0	15.0	0.0	5.0	5.0	0	3	71.43	0.0	55.56	62.5	60.98
92_8	33.0	602.0	18.0	0.0	9.0	6.0	0	3	85.71	0.0	100.0	75.0	80.49
92_9	23.0	433.0	13.0	0.0	5.0	5.0	0	3	61.9	0.0	55.56	62.5	56.1
93010_1	28.0	507.67857142857144	20.0	1.0	7.0	0.0	0	3	95.24	50.0	77.78	0.0	68.29
95158_8	33.0	355.0	15.0	2.0	8.0	8.0	0	4	71.43	100.0	88.89	100.0	80.49
95158_9	33.0	357.0	15.0	2.0	8.0	8.0	0	4	71.43	100.0	88.89	100.0	80.49
98_4	32.0	361.0	15.0	2.0	9.0	6.0	0	4	71.43	100.0	100.0	75.0	78.05
99929_1	21.0	528.0	17.0	0.0	4.0	0.0	0	2	80.95	0.0	44.44	0.0	51.22
27380_1			0.0	0.0	0.0	0.0	0	0	0.0	0.0	0.0	0.0	
27380_2			0.0	0.0	0.0	0.0	0	0	0.0	0.0	0.0	0.0	
